785	-620	950	404
-208	-139	-58	854
307	182	488	231
-369	829	365	862
19	438	955	969
698	-650	962	645
642	150	954	745
242	-774	393	718
-400	-389	523	182
153	-655	225	-134
-842	-936	-319	123
196	187	815	636
-814	-349	260	38
-673	-557	-487	-416
246	163	350	931
-762	-306	802	857
514	373	860	861
774	-421	915	866
-366	222	444	921
272	363	695	657
-442	619	949	911
-770	649	-546	821
871	799	902	817
258	-523	737	295
469	-880	509	210
-92	530	337	629
-810	422	589	785
241	-520	366	953
408	-117	513	836
988	787	990	807
-29	665	662	950
639	195	838	736
-771	546	-455	548
746	-56	976	7
97	750	280	852
-83	734	449	792
-80	258	199	385
-282	908	554	988
135	885	558	953
934	-610	953	413
-612	-181	146	347
785	888	950	964
-910	-582	596	-225
151	147	488	227
482	72	824	613
836	384	953	739
-373	-484	513	-252
736	762	942	840
894	820	902	998
985	207	999	294
-953	728	-887	916
289	385	797	556
434	388	970	954
-972	-978	-634	-729
498	-743	952	-88
915	419	934	968
-851	-141	658	967
-516	-811	451	-760
441	-408	841	-237
-264	812	-41	996
939	703	957	897
601	-663	750	-623
-831	-258	-811	670
-965	550	605	980
385	812	761	887
-465	149	700	408
699	609	845	689
-616	-625	797	-57
-615	-587	214	-364
-268	-234	218	412
-163	151	-27	462
480	-722	866	-634
25	-441	447	-135
634	-405	789	195
-492	161	24	658
446	282	967	585
454	674	603	918
196	-405	916	358
-854	657	-405	950
362	956	931	1000
-700	-742	253	700
-211	-184	260	404
241	587	467	933
282	972	917	999
-890	-613	90	985
-191	225	64	427
953	-791	992	-789
253	497	982	511
978	239	983	393
680	303	957	777
-183	761	608	861
-784	-15	814	872
-530	-286	41	437
237	195	929	267
-701	961	563	976
-236	422	544	712
465	878	483	885
-989	-483	-14	574
-690	-85	683	804
484	416	738	974
-392	652	634	943
303	417	530	734
-101	-772	628	343
270	-195	855	149
978	819	991	888
712	320	995	406
-352	-442	-205	978
-293	-619	315	-331
-832	642	-13	917
-350	974	-26	975
380	783	715	986
51	726	717	828
160	-223	301	732
985	-972	996	511
-974	101	-570	330
-393	-18	256	-10
614	913	925	928
792	404	929	564
-220	-786	749	486
243	356	982	642
-193	-607	-143	-351
-233	-235	714	-25
160	162	249	358
-157	385	757	637
442	-276	672	730
90	-309	539	907
483	-887	920	-421
-280	-892	455	691
-806	378	-567	489
-944	631	120	864
-383	284	943	469
71	-234	468	760
327	-672	574	-336
-604	198	359	942
-645	171	32	986
223	959	915	983
-731	620	-146	708
-370	618	184	904
-76	-224	256	276
145	663	931	788
-962	429	318	839
662	-454	877	996
611	-161	731	396
733	-149	959	-88
-411	-926	-407	455
-966	-714	-152	-663
-94	466	608	814
-936	619	734	735
-709	771	279	937
88	913	268	981
-439	-502	603	671
-138	412	558	582
134	503	783	830
-632	497	-454	819
-943	557	-400	832
-73	-229	689	622
-181	517	817	555
-592	543	-534	899
626	272	1000	876
-556	80	648	955
-998	861	514	1000
921	-551	957	103
390	725	404	806
-104	-789	516	319
-365	-365	396	886
807	-298	956	316
-334	-441	745	858
355	-998	759	71
863	-185	883	872
-986	722	695	913
836	-752	931	-647
-124	51	631	303
-242	-335	947	462
-978	-552	-960	774
65	508	77	674
50	-425	147	141
-672	617	7	807
609	200	764	230
121	-900	314	-886
277	615	554	939
-434	563	723	882
-610	697	-551	928
424	701	542	871
-178	978	943	990
59	58	296	948
-394	-582	83	-219
-377	-710	658	950
639	15	655	173
424	165	711	584
70	935	254	967
832	870	905	885
-602	149	-33	449
493	789	686	899
742	638	937	690
756	288	778	789
-784	-844	-212	-529
-339	865	-313	896
678	469	935	739
884	680	933	798
-645	280	97	704
788	-356	805	786
-521	563	-216	596
492	-10	529	481
-631	336	897	706
-487	397	491	471
-599	-530	-93	-319
-193	-693	307	488
506	689	610	720
896	-240	956	207
-776	730	-663	882
572	898	996	945
428	-78	853	-63
-623	-561	-120	219
628	122	669	967
755	-731	885	-327
545	704	843	723
840	-19	999	339
364	-672	470	-7
-434	-81	392	21
-801	620	121	729
-671	-100	461	821
6	-351	660	885
-261	-931	752	-856
54	-623	882	233
424	-377	851	587
-670	771	675	958
41	622	789	968
730	-266	855	472
-797	990	349	998
-297	-962	539	43
315	-375	786	291
-771	590	391	682
-189	818	921	820
-413	-379	882	-48
-394	476	830	520
449	283	631	755
-319	-276	968	346
-233	-28	-222	515
424	193	771	790
-441	13	707	345
-84	782	415	973
755	482	917	993
400	656	631	904
423	197	952	339
216	319	232	710
995	-660	998	642
-633	466	547	969
214	-756	541	-489
-496	184	-212	769
314	197	428	311
607	-854	836	-75
664	525	911	828
-275	555	-16	631
-38	740	290	880
332	806	685	964
336	-495	887	473
934	-884	940	120
262	23	393	558
-52	-627	525	-390
59	-687	914	99
-412	311	668	685
404	532	528	806
274	808	372	902
-790	327	-131	680
-40	860	395	946
897	782	944	891
153	-764	208	318
-659	737	121	764
888	-242	917	-111
-620	-228	-34	918
480	838	661	920
692	-504	992	972
240	-960	425	-554
447	520	974	956
-458	158	132	508
-104	-856	862	-87
556	298	640	792
-52	-533	562	-156
-766	427	152	480
551	-217	581	108
-922	349	-26	698
-639	362	-321	554
807	-28	827	276
-869	401	-530	735
-499	-641	-482	-631
-343	-626	-341	832
-41	-393	326	114
-662	137	129	184
580	569	793	986
301	748	839	865
-751	430	-99	439
-588	-474	804	-121
-129	308	550	739
-983	718	978	755
575	-870	715	233
594	-514	768	501
-57	-402	741	955
767	160	934	588
459	-241	945	664
-646	131	-176	893
-404	-199	562	106
-475	634	192	972
874	-115	980	-66
-322	-606	379	573
-491	338	-302	552
-287	-128	222	913
-795	838	753	883
-306	67	861	324
770	575	859	891
312	-151	797	721
-442	863	360	973
-855	-784	-488	128
812	-980	844	-533
-437	-892	250	-3
808	674	886	920
690	415	861	641
-804	941	449	968
-444	267	611	990
-422	-558	840	155
-35	-232	-8	355
-813	559	-416	903
120	795	504	833
-317	-825	767	-272
417	-436	734	-332
-650	-553	65	844
721	972	963	978
520	540	816	952
-764	-729	277	-91
980	-724	996	888
-571	-114	187	424
749	547	878	786
777	-323	859	616
353	-152	817	3
677	309	778	902
-197	-229	950	636
395	-136	899	511
-123	992	843	998
-411	-7	72	940
-776	-690	775	601
282	70	984	713
-908	-22	-501	955
-292	20	-275	586
734	834	882	929
-548	215	-438	560
-4	882	614	946
844	-904	987	461
-176	-374	-99	-24
-197	-139	74	773
-616	28	505	734
-192	-15	505	448
191	-128	581	924
-454	-452	495	976
-266	-443	175	917
62	343	343	776
-976	965	-590	980
-116	-907	777	-412
82	-790	800	21
389	142	444	411
783	-483	888	-233
-913	849	-631	961
-780	332	-264	524
197	275	625	995
-11	478	624	807
-353	-353	-147	5
529	-79	742	93
-112	-798	772	816
482	58	841	675
-152	633	554	940
541	326	783	622
443	-578	636	-125
772	308	982	998
-157	-195	588	886
-244	472	573	952
626	165	909	683
-307	83	-265	963
-135	-205	96	541
843	310	990	362
761	639	764	974
-407	-292	798	19
-245	-160	545	-96
-383	134	-353	187
-473	-786	813	-559
-398	-121	943	307
657	-843	993	581
379	458	676	838
-835	-201	-368	624
936	828	985	934
612	-202	804	316
644	-690	649	332
-587	862	504	972
139	-428	441	774
382	-965	743	222
622	395	874	926
-943	-582	658	-341
-683	-199	499	-129
239	129	904	388
70	894	131	948
-639	-979	941	-84
766	940	824	997
-588	420	-508	612
-124	-695	618	924
350	180	657	465
314	-4	518	623
-355	-281	-45	735
-99	-507	135	218
-933	354	33	666
-995	-368	-838	916
59	354	348	730
219	708	469	755
617	-653	923	-526
946	-875	971	699
-900	-283	410	571
-497	-274	73	424
613	-381	810	92
-699	517	319	935
889	106	960	180
820	-53	844	793
856	-848	917	-157
-25	-472	897	26
-725	684	664	779
786	623	907	779
666	-427	667	582
-124	-109	159	755
148	-455	773	-423
8	-360	598	456
-435	-742	662	-110
464	953	913	995
733	272	854	337
-731	-628	-49	673
671	873	823	916
-703	-126	518	629
764	909	915	967
872	786	997	857
592	-485	864	177
-508	61	895	832
414	585	451	927
-369	-401	-216	900
-897	-476	-588	595
-118	611	188	773
889	278	902	509
-807	538	-733	931
-600	-675	146	-391
-494	-17	932	984
-714	14	494	70
39	536	71	874
-537	-593	128	198
412	48	737	578
-976	-556	-886	697
-485	-587	232	-518
-247	321	-84	989
838	-864	850	-321
673	-346	949	661
84	292	334	902
117	873	897	972
164	774	555	930
689	-694	925	-324
414	-103	487	-67
666	246	856	350
-719	-535	145	670
477	766	600	775
15	-906	979	-831
206	-907	763	573
131	486	793	498
-56	258	244	321
780	1	817	524
-442	-679	733	-163
447	972	719	987
-267	-690	196	-527
980	746	992	922
-478	-21	5	92
900	43	940	345
-919	-465	-773	432
940	389	942	711
-576	-432	695	-33
-951	-239	347	104
-510	-529	188	200
855	-963	927	-599
697	445	855	513
939	-617	978	-394
-308	411	107	729
596	-303	885	955
193	-960	752	-868
144	325	808	877
977	971	982	983
-509	629	136	740
-602	-2	-49	309
-761	-148	586	305
-119	-418	547	-174
148	-415	637	234
74	-532	460	343
453	-1	677	91
-914	-308	-480	544
-500	-155	360	198
339	-648	799	-485
-343	398	56	768
-110	175	191	179
-491	-572	-239	-379
-707	210	511	948
-522	-744	262	715
978	597	984	870
610	-331	760	331
-832	-840	14	952
-89	441	895	580
42	-345	49	-324
-966	-601	-956	-297
-653	-463	233	480
-95	-804	506	31
-209	46	239	317
529	-392	726	325
-122	901	892	944
-992	421	979	998
-441	-756	775	-401
-995	98	-43	610
246	-62	630	271
253	-889	419	-332
406	393	681	630
-125	455	312	863
302	806	323	888
584	477	800	871
345	-906	426	781
652	341	781	478
862	908	891	991
-722	-693	-17	781
638	-488	642	-485
-642	-239	-605	121
157	-848	593	544
930	-701	995	-680
861	-917	936	-408
-258	-264	670	-123
-78	363	690	990
-512	622	-300	707
-981	366	730	645
921	148	960	303
-160	-119	-62	102
989	457	1000	679
-660	684	441	865
723	-151	772	487
473	370	861	790
-731	-882	-729	494
331	599	885	709
986	-261	993	-90
-513	-454	-84	-216
-221	792	632	818
347	126	823	204
721	179	780	901
-812	-194	999	202
36	-871	341	-582
-412	-545	-83	-397
269	-297	663	682
889	888	939	959
482	-701	702	946
473	-459	903	309
-757	614	339	812
667	-715	993	922
144	245	565	358
-25	855	333	983
813	758	947	761
-380	-843	-252	-609
373	883	398	920
-747	-888	344	801
506	439	520	507
449	-581	992	-155
229	-685	749	-123
-557	61	508	729
-395	-126	45	492
-763	715	-74	847
812	-581	897	-362
471	540	923	847
761	-754	858	-147
646	-733	730	674
-768	-870	968	435
59	-737	498	-77
-962	-570	-824	592
-604	680	594	879
696	684	892	851
-580	-436	590	-273
-302	650	299	930
97	547	412	679
-646	690	474	935
268	196	639	466
-413	-336	929	86
-985	466	903	607
-24	-876	-22	-125
-744	-687	-642	677
-370	264	-73	837
-78	337	929	771
-793	-635	13	906
284	299	416	307
-614	729	2	764
258	575	270	869
422	-156	451	493
-563	-67	-27	657
325	653	647	754
644	-492	672	-196
-493	-739	772	-469
984	-293	991	822
122	-476	268	727
-979	386	-164	478
-586	-140	94	593
-646	69	930	511
654	450	965	982
939	-48	970	604
405	-319	581	94
329	-301	337	219
390	973	799	983
838	33	842	124
981	984	998	995
981	751	985	823
1	221	145	829
735	-522	830	-308
-100	-816	994	-236
407	863	576	896
196	-828	338	-745
-190	46	479	606
-74	-66	362	611
944	461	977	953
363	244	926	644
69	-619	967	-254
-641	620	319	805
352	227	435	640
-905	679	-203	953
443	-541	453	458
-694	-438	912	418
476	-371	819	820
484	-566	830	733
597	-923	742	707
-915	73	638	245
399	693	439	710
-634	-740	-474	-253
966	-451	981	47
221	-2	617	617
-321	-325	-92	-99
742	300	819	476
-872	494	-64	708
111	866	507	885
-466	936	-266	944
468	95	682	109
533	47	966	771
369	-499	916	138
-258	-146	150	856
55	97	801	504
-255	-227	192	-57
422	-767	516	-40
-614	-957	679	827
42	-253	553	499
459	365	772	676
378	164	928	901
275	-539	825	904
931	637	981	836
-116	285	534	797
511	280	626	432
-25	339	477	905
-49	854	668	896
-150	-660	993	-355
573	546	700	725
995	556	1000	897
822	-589	954	-13
607	-358	666	-197
-996	-522	973	444
627	297	739	773
-881	350	29	507
-624	-378	-530	875
391	109	510	677
535	-263	675	226
-30	451	988	693
847	-668	964	404
-211	-386	-57	856
-602	-696	498	-425
-387	-863	747	683
-166	20	114	40
-433	799	365	943
165	-889	446	246
-741	36	-220	848
76	-258	176	193
-157	256	955	952
537	634	582	971
133	871	796	897
-846	184	-238	967
-708	-640	617	232
-87	402	29	896
205	-879	913	142
-451	300	-244	384
-734	638	-655	809
-212	-159	991	344
409	-38	572	141
-156	-693	-85	2
-66	-588	871	322
874	-187	926	-83
266	-530	608	-477
-946	-518	613	32
-192	-521	521	-166
700	-680	963	-657
647	378	766	647
-149	224	588	989
-45	-792	638	-390
-286	405	244	861
122	231	568	937
-51	-821	321	-818
179	342	345	730
-539	-778	870	568
-106	173	70	869
247	994	304	1000
-342	-224	586	384
678	66	808	611
-106	-596	447	219
-978	4	-589	760
-325	754	30	852
-67	424	324	957
-776	-999	-299	615
-28	-380	732	494
-285	475	404	549
-520	-637	723	-443
547	574	890	869
-686	-15	796	620
-9	-844	493	5
154	919	970	920
-66	-76	870	379
-49	-966	973	-46
-586	-336	858	432
-949	-818	-876	-333
-689	-140	999	608
-766	-698	56	-604
-672	-332	801	505
104	-95	610	220
-531	708	341	924
-869	313	-366	575
-382	-75	-4	227
-904	903	905	952
-413	384	-59	663
68	252	791	855
-585	-748	297	-450
43	-961	371	-553
-605	188	-233	595
418	798	859	938
-741	-605	591	-45
342	-692	832	230
476	-390	705	-388
326	642	499	855
579	404	810	687
-985	914	696	986
-586	-498	-214	674
-736	-450	2	371
-595	-321	-335	869
64	-249	601	848
-467	168	-293	594
228	-682	407	632
809	-329	939	127
-281	-984	246	-363
-200	253	416	348
212	748	344	894
-497	882	-102	917
-938	-442	-809	508
-965	606	23	631
-148	114	596	120
909	539	914	907
348	-705	615	413
821	882	948	987
-761	892	-434	910
5	363	433	696
169	-846	763	148
40	56	244	940
821	-340	860	-106
-902	391	910	605
-898	411	427	960
-919	-674	337	570
987	512	997	684
-723	-789	81	202
464	627	917	647
-124	-686	477	279
-424	429	-51	517
-243	-420	863	-339
773	188	853	849
-552	-349	-113	-261
669	336	852	968
-196	-806	861	-705
-578	830	606	987
994	-324	996	352
255	-761	905	947
607	-847	710	341
-608	646	537	668
696	-765	775	479
-596	95	-66	946
577	-11	980	876
537	-675	950	-605
23	294	905	334
-351	-718	168	878
929	-250	932	435
923	-732	980	-671
-95	651	975	899
-140	-251	906	691
-552	782	218	893
-276	-291	-162	872
460	380	682	449
404	-579	557	140
-704	528	262	843
845	-245	922	347
-401	537	-239	936
-565	-708	192	-671
616	-816	764	974
251	586	865	637
-518	281	-218	347
356	-115	949	796
775	-387	795	352
-718	837	210	969
-529	-815	332	-60
-593	876	807	907
606	-68	964	124
-383	827	644	946
707	-932	751	187
91	837	710	864
-634	748	629	941
-661	-432	-317	671
-618	-462	835	668
13	996	896	998
929	850	990	889
237	142	410	210
707	530	961	617
346	-196	708	-156
284	969	420	982
465	-481	586	-274
-279	-636	910	576
115	-683	996	543
-328	-262	-298	510
-229	-660	762	-399
-473	627	-119	688
-841	396	658	810
-837	-420	941	188
600	975	715	994
-747	429	684	927
-504	386	601	869
95	537	908	559
101	544	832	947
986	-997	989	714
-990	49	-893	138
-501	-57	665	457
-41	859	270	959
-130	417	527	840
178	-427	641	517
621	998	977	1000
356	426	695	573
855	854	914	979
242	868	918	985
-612	451	911	840
475	-506	616	450
870	-271	944	675
-6	673	423	943
-771	528	932	594
864	649	940	809
559	-691	948	713
-41	-729	612	996
277	458	362	945
-175	221	616	620
4	-205	690	244
-448	-924	11	503
-458	101	-296	152
880	-527	946	523
453	-700	908	779
-580	-549	-138	255
-5	71	758	672
-439	579	124	972
-672	-937	194	146
790	-671	919	5
-610	794	26	848
215	-781	317	-233
936	-159	982	-15
315	-156	922	720
-789	-288	940	509
706	-450	851	-146
484	314	851	833
749	-230	994	931
454	868	911	923
-79	523	611	915
47	-75	86	943
-814	-822	-288	981
-973	-965	134	670
-897	554	429	764
-463	-941	164	248
250	481	470	811
512	993	578	995
604	409	607	924
-996	878	-304	943
717	-315	798	83
531	-745	927	-284
19	-585	994	-66
-286	471	979	719
278	7	680	393
593	854	724	981
-613	843	541	875
-188	766	97	842
-437	-716	-162	-122
-285	190	129	621
726	-589	861	221
-895	221	898	839
627	327	971	758
-509	983	-275	991
568	149	918	370
-389	-774	991	730
401	-597	696	732
-546	-726	805	255
487	-430	521	730
597	191	904	352
99	-901	726	929
-466	-238	401	550
-103	735	668	826
63	-273	501	629
718	43	903	441
248	674	310	753
-814	-380	407	68
-773	723	-75	738
145	596	162	863
-58	912	727	968
-30	965	175	999
208	109	667	678
-666	-628	-477	704
-830	-167	-174	232
-277	-928	82	529
-59	164	-32	372
-796	-305	622	427
-558	-384	291	126
632	371	691	978
-564	944	-100	985
-563	221	220	901
713	733	972	802
-496	-467	535	58
253	898	704	914
896	661	921	663
-800	-657	578	-474
-704	101	371	290
-692	649	-304	704
184	-887	919	721
-658	241	740	260
275	-521	496	-367
-330	81	369	817
-518	-237	150	-159
67	-644	614	-72
769	657	929	786
10	944	887	980
-941	-521	-122	974
331	246	951	712
-512	985	274	990
-362	-760	368	535
-645	201	-455	485
414	675	894	958
-48	-82	252	-59
-937	133	-712	908
-725	-484	759	-110
-833	-644	430	-174
676	-874	754	705
-445	-662	-193	833
377	614	746	849
-988	554	-836	591
638	-537	936	418
-724	234	-139	973
878	-101	926	320
-397	-871	179	-580
455	-432	882	-22
-830	679	-606	905
-997	-555	53	-63
845	491	931	651
-463	515	999	651
693	286	851	709
585	708	781	994
-503	-967	214	474
180	639	212	861
-264	-473	110	-457
926	-886	941	-122
-744	-963	460	866
-309	278	220	533
818	-368	833	255
845	887	957	976
565	-115	590	917
400	950	588	952
8	651	771	703
89	534	617	622
765	-128	903	347
352	-119	890	221
-287	-510	254	640
707	841	889	964
834	625	949	930
817	361	976	748
785	-332	928	892
337	900	653	915
-188	-605	-159	-278
939	100	981	155
319	955	889	971
-250	-190	418	504
775	3	899	394
233	-533	426	158
802	99	905	568
461	118	919	243
680	-197	792	557
386	-205	510	687
-307	192	-186	842
-624	489	455	699
-867	-913	-514	465
532	-745	886	-656
-130	563	242	838
308	-458	457	-228
-415	-802	72	901
956	-667	992	-485
-269	-200	202	757
105	-68	458	63
-850	773	928	956
-750	-853	4	-84
281	-81	314	448
-731	-81	-446	289
-63	-161	550	287
-512	636	673	825
-517	563	-261	896
-415	914	-111	952
336	-326	657	496
962	-567	994	-253
266	461	624	881
-209	843	-75	988
762	996	874	1000
555	-423	962	549
995	-472	996	-418
656	-867	777	-624
252	846	812	878
-343	-982	941	999
-628	-694	939	283
969	481	971	736
-955	920	296	989
584	231	743	561
848	632	898	964
-57	890	173	905
-498	480	242	844
-797	553	309	800
452	79	712	818
542	386	610	460
-619	-474	812	-350
-667	604	259	783
638	-871	733	611
571	800	825	935
301	-53	444	884
598	222	627	532
756	-146	965	458
-790	-670	289	478
-295	-476	-13	772
255	-138	747	-55
-717	99	119	289
835	-532	987	269
250	-372	732	0
648	-750	799	359
470	-448	810	681
-577	-836	-30	-461
-575	104	-422	107
-18	-907	778	-65
-80	-697	166	860
204	-656	450	-645
335	-82	917	914
282	156	319	648
-997	177	-227	961
-572	800	837	956
239	945	563	999
759	-524	880	-86
-950	789	-568	850
-215	-493	-212	845
774	56	903	179
939	-136	976	211
120	-93	467	242
-334	-52	641	876
623	-34	896	170
-205	703	630	804
-587	-794	-13	729
-373	748	671	830
239	-935	630	328
615	528	766	549
-607	476	50	718
311	-324	973	66
691	-810	995	679
-530	-487	464	833
591	587	730	720
-971	-858	521	-302
-950	-490	46	-45
-262	668	862	917
-69	-904	629	-760
-878	253	-543	944
-1	-580	532	907
810	924	934	976
746	-635	849	955
257	-500	623	262
249	-392	441	-160
363	59	666	124
210	-490	728	-55
-806	-873	874	435
975	206	994	314
641	-879	975	343
-545	661	-369	738
-40	736	305	900
468	-114	830	352
-310	15	3	443
548	291	723	870
110	995	491	998
722	-173	858	508
-822	648	229	969
-527	-762	402	971
-191	-671	-187	-581
405	-240	728	152
957	-818	993	210
846	-72	928	53
217	-859	343	-189
-225	313	216	528
-380	877	-271	926
-156	300	376	618
637	-956	995	-653
-508	600	-236	670
-60	-409	833	-174
119	812	271	943
70	458	419	879
-520	445	-432	802
-629	335	845	874
-942	-928	746	-34
796	187	933	552
284	130	704	942
528	128	592	324
-85	-735	772	-201
756	956	991	958
560	-890	847	378
639	-465	961	549
516	-871	910	-60
742	708	979	713
-903	464	-882	898
21	335	757	630
322	529	786	805
-629	-286	116	264
892	699	904	862
484	-3	625	499
299	433	474	974
-592	506	602	723
-885	-981	-374	-125
493	-102	776	374
407	-296	658	291
-739	122	351	755
-714	-418	-400	27
-313	142	176	849
807	882	878	900
387	993	997	999
389	-359	662	-68
-204	-702	17	-140
113	-39	424	775
708	777	733	789
22	160	674	332
-714	222	-133	975
-154	-220	822	343
134	-463	864	948
-26	772	426	905
579	-1000	884	222
-114	-52	190	753
-378	-656	495	459
-683	43	-418	294
24	639	907	875
-681	426	590	797
732	76	864	540
486	-364	828	-104
-376	-154	3	191
910	666	964	998
638	474	720	484
-16	-676	360	-5
827	229	893	522
-890	-102	930	384
644	-705	673	84
-753	331	432	765
-646	-167	907	223
-309	558	619	766
-21	426	645	643
782	375	975	621
404	227	445	369
300	-42	872	314
547	254	972	560
-675	139	-130	318
445	991	812	992
-952	721	287	801
72	556	429	801
338	-444	783	-253
-329	-798	990	491
752	270	916	805
-565	998	905	1000
881	-15	891	995
270	-134	301	976
575	355	719	652
-372	920	216	951
184	-503	710	753
-168	889	474	897
390	753	418	990
-231	-352	964	928
-70	-477	319	-309
476	-444	489	385
472	677	497	884
-379	-167	93	525
-193	-121	577	920
-687	-842	-325	435
-319	-549	570	-35
512	172	672	352
-998	-685	-267	-307
-578	-864	618	-219
-902	616	509	756
598	361	785	423
-438	154	715	345
-309	-193	224	753
173	303	354	720
-354	457	91	924
32	663	232	853
-350	-626	875	197
-873	480	-294	754
360	673	542	978
959	620	984	895
646	507	769	799
-458	-288	247	603
-461	591	-382	603
-123	340	190	618
-508	-31	-399	935
449	92	882	259
-605	605	182	900
-831	824	-291	899
782	559	940	649
-709	901	699	967
-157	934	435	956
532	-789	901	-47
625	299	689	524
581	-463	934	209
-495	524	-117	780
-703	634	688	936
-564	958	754	963
-383	591	-220	871
-276	455	610	988
415	-134	537	162
320	-929	847	-31
-56	-985	437	-249
945	263	980	840
865	833	866	855
912	788	913	982
-235	78	766	565
361	205	890	376
668	-603	690	251
-450	162	150	780
-527	-293	-291	40
-344	-268	-201	-49
-654	-463	161	542
-516	107	349	509
-33	930	552	957
551	503	597	619
85	134	926	755
-792	-773	407	721
309	-127	934	563
180	364	564	741
-57	-571	774	157
-327	-351	294	927
325	-950	723	-828
-655	-397	-230	428
497	-938	677	252
-731	540	-361	830
-316	232	489	770
682	-493	762	-286
565	-543	768	507
-737	-991	24	-167
932	-183	983	-101
102	534	524	586
165	825	177	1000
-581	754	305	917
-628	878	-3	919
133	-207	151	59
92	674	714	677
-701	890	64	927
-65	72	859	992
773	413	993	498
-656	833	542	858
971	565	990	616
-412	646	760	753
90	-799	118	-749
38	-135	233	279
111	-598	689	164
-815	991	949	993
690	528	758	619
-219	-762	842	-370
996	44	998	671
-338	611	191	738
-975	-435	696	18
-758	116	330	712
520	-675	789	329
496	-164	860	871
867	-274	938	-102
247	-518	791	383
-87	912	782	922
-449	-360	613	671
624	-227	936	-166
-782	812	-526	885
-911	-905	730	-502
-181	-651	659	845
-427	239	-10	396
-353	444	163	757
-513	-355	526	635
173	470	690	877
333	-792	436	364
-679	879	883	945
314	-131	508	671
446	-309	740	-277
-585	234	315	738
-943	-920	37	-691
507	-472	904	223
-550	961	558	970
401	175	608	921
-489	728	166	790
184	122	780	361
-851	929	698	935
217	469	664	899
135	-559	982	769
411	-309	754	-220
-362	-303	-142	952
-437	-399	-92	239
-689	-576	-271	948
-9	-103	227	-58
-548	873	449	958
-62	-753	938	589
-645	196	137	623
106	158	599	750
-700	-598	-389	971
-778	47	-574	431
115	838	358	933
275	-953	412	-73
-112	-694	797	442
-924	895	-335	940
-155	205	282	542
231	-523	528	-332
712	627	725	991
-506	55	-92	744
552	-729	770	837
-221	-342	410	367
-474	419	447	705
996	-359	998	-272
-957	678	509	850
511	-841	893	811
777	-330	880	71
-352	994	612	1000
-938	-782	777	684
-257	-473	944	396
533	511	776	904
422	-951	601	-368
-335	839	285	990
51	12	988	391
-431	-947	689	335
274	961	583	990
811	-28	915	790
118	326	186	536
-134	681	246	959
278	-746	992	875
-954	64	-754	699
921	-382	977	231
-371	-244	-162	234
-380	372	-51	551
661	874	918	905
914	-326	943	798
-333	803	755	914
-964	554	769	677
-851	465	416	896
-874	626	620	1000
-150	-440	356	62
661	-564	716	-213
-462	-516	-330	889
296	-493	845	638
703	429	871	527
539	14	753	868
-385	408	897	556
797	-995	865	228
-98	64	127	804
-621	-169	688	-56
309	-896	960	271
379	675	950	751
-23	-515	140	300
757	-372	851	541
599	-26	923	210
299	342	938	904
-19	-772	882	-433
-812	-50	20	456
-389	-16	413	874
848	374	940	802
-91	-775	260	-149
-525	-553	186	-486
731	932	852	965
-267	26	745	995
168	779	464	810
164	-603	641	948
668	98	938	609
481	-28	976	129
713	-725	755	79
41	-163	51	616
514	-503	766	863
-463	-851	-232	-59
983	-5	997	360
594	-627	641	354
-577	-122	-403	537
660	-732	742	-503
50	-777	434	-664
-394	9	-244	131
-382	-686	215	170
24	-204	512	685
-156	899	160	920
-199	-225	768	716
-713	-36	584	842
-594	-326	216	788
-137	-198	77	269
-34	647	490	994
-580	0	-359	492
294	-752	972	-381
652	606	965	766
214	-490	828	238
277	-486	671	62
-810	-223	-472	-157
906	-181	987	586
396	-591	674	426
-765	-883	-622	245
-83	512	446	839
7	944	631	997
-858	-975	-823	-596
698	923	933	926
-137	307	828	832
491	-380	649	400
-111	-961	361	19
-759	-830	-427	-85
304	-713	723	-145
787	-580	955	478
605	81	767	908
714	901	749	930
-207	894	415	994
-839	-446	-372	-171
358	696	654	843
335	-333	758	577
-978	-513	-246	-250
268	932	527	934
-231	-257	210	569
-447	887	846	972
205	927	713	956
159	-124	968	722
-403	-544	548	417
-868	-360	-745	761
-114	-629	687	906
230	631	708	956
623	954	663	977
-391	-422	693	-327
-742	973	-421	976
284	-730	423	-611
137	-192	153	-100
69	-504	319	-130
-887	-2	-699	972
-880	-874	-293	951
7	-336	402	49
-766	232	269	857
341	-883	769	6
-697	-682	383	797
882	-928	941	-611
457	-557	893	-45
501	954	834	968
112	-96	126	-70
-539	-279	695	-138
786	-540	837	808
314	-911	487	367
-337	-22	305	-12
972	9	999	122
327	671	724	941
832	-690	980	563
162	175	266	324
829	-625	905	818
-949	332	379	927
-161	-133	-122	774
-476	-714	4	976
493	-196	555	359
3	537	242	559
119	921	920	931
176	745	834	965
70	-884	966	611
824	-212	858	754
116	-938	737	-922
998	-995	999	716
64	408	818	597
-939	924	516	949
-518	-435	-243	-334
-892	-760	310	-735
-249	810	229	944
-240	-752	-193	-717
544	-244	844	310
-705	-314	522	573
-860	238	-551	303
-378	257	356	356
-545	-242	404	579
844	733	968	793
704	-88	843	518
-474	648	-178	663
488	-521	750	-208
26	-742	776	674
920	36	940	366
-502	-5	446	82
-980	-551	833	-442
115	-781	513	669
194	284	435	841
392	725	439	992
-755	112	-309	624
-881	539	651	941
-223	-249	-182	393
-486	-841	-265	125
-576	919	68	979
-688	-519	544	296
26	372	417	922
-253	625	548	826
-306	-374	108	-316
356	-799	986	-632
889	52	891	920
-402	-136	517	834
141	-622	500	686
647	-757	750	254
41	-646	377	339
82	-857	683	477
125	-823	275	552
-996	100	-661	349
51	-361	470	809
-273	790	749	929
215	195	387	324
-554	-417	940	-184
75	-236	283	958
402	552	489	882
-906	546	670	800
465	316	489	689
-174	-914	263	41
217	-717	761	833
458	-795	504	522
-628	274	362	851
-582	126	22	805
859	776	968	835
118	-784	530	-592
-672	614	464	790
673	-658	778	-431
728	-439	751	-118
71	245	149	616
-594	-833	846	608
347	265	686	767
334	851	561	887
-429	-141	-411	746
-900	-817	-69	889
680	23	848	908
940	478	964	836
-743	404	-72	566
-683	-232	910	186
420	30	919	159
-752	-781	432	442
-938	-902	337	596
866	404	889	800
889	249	963	360
718	555	845	853
187	-538	453	66
-854	500	371	774
597	-735	924	634
368	-8	903	616
198	-103	702	881
-518	616	273	985
-390	57	-205	236
562	703	595	704
-317	79	-152	846
-850	361	677	837
455	-85	848	892
327	378	822	961
-870	-216	-138	325
-993	214	321	964
-476	-986	-335	330
-27	-90	906	-80
-877	-675	267	-256
-23	710	523	991
301	-906	334	-870
659	983	891	992
-148	504	856	589
869	-876	877	524
267	503	793	505
545	-795	875	572
-200	825	234	936
-482	247	378	584
318	-713	800	508
634	390	787	750
-894	-493	812	-191
-163	377	844	521
-827	564	835	568
-530	-10	774	668
529	-856	868	-444
-717	580	834	648
-129	-661	354	134
27	-716	861	-324
116	844	810	956
-658	-686	790	412
801	-717	843	245
-257	461	673	469
254	-459	900	923
792	-361	940	-145
-521	974	-461	999
-523	-660	517	-125
728	956	993	982
-413	3	990	684
-125	-893	469	-750
645	-189	751	939
952	723	979	894
-471	723	968	953
-559	-443	848	265
473	869	684	989
-734	617	-522	849
-860	661	-598	744
-769	-351	748	151
-490	933	-168	963
-970	261	-722	411
-485	-420	165	942
-817	-747	-135	889
-442	862	280	974
586	-561	890	-308
216	738	961	784
-912	179	369	790
800	-554	991	-26
-206	449	-193	715
965	-670	999	-106
115	151	187	881
-332	-822	120	132
-302	973	309	977
961	504	997	649
-860	-184	-843	178
159	-35	932	764
-629	905	-328	924
274	326	340	681
185	-265	840	503
268	-170	276	918
-313	-685	-35	-584
-668	146	887	172
722	543	877	693
626	-423	949	192
58	364	901	853
306	641	532	977
749	-919	970	-756
-279	-546	911	529
-734	-530	-392	-212
-314	64	263	990
-754	-141	-356	-80
165	81	655	747
-493	972	-289	991
-191	-919	969	20
-340	755	779	901
-290	-906	394	842
-141	485	304	940
821	999	991	1000
292	675	946	818
-697	582	762	964
-543	-763	588	96
-937	-39	834	60
653	418	735	883
-38	494	677	716
57	-99	411	846
436	980	798	982
252	-375	295	900
980	471	986	946
-337	-722	370	-529
-758	42	397	802
-931	-425	-231	-15
945	-553	951	401
-671	-280	-418	95
-154	154	458	529
-876	-21	-500	161
887	-159	896	681
630	752	846	872
-670	919	-105	941
-196	844	192	854
771	332	945	862
539	-272	925	589
905	-398	967	376
-256	-59	161	742
522	-790	819	-454
822	-842	847	-655
-131	-767	120	909
-617	-569	10	-266
770	907	847	925
-33	902	358	940
716	111	754	727
453	918	911	955
-863	-310	-248	-109
935	-112	937	151
-662	599	391	676
773	-556	888	544
-966	-643	483	422
823	-755	828	-690
350	561	964	637
934	-843	994	-480
-620	-28	593	608
769	308	917	887
-934	552	-824	756
-157	-738	-156	283
-442	792	444	880
-160	-372	539	-58
-667	849	654	890
-288	328	602	743
652	-58	848	531
-988	186	-683	309
490	475	932	539
-328	241	568	469
751	761	800	765
-75	-136	631	61
-723	-94	-253	680
-164	-750	813	568
412	143	751	434
-394	-772	-379	740
-508	-205	-184	465
-52	3	984	703
349	-249	564	418
846	146	938	649
776	251	913	256
465	812	611	910
776	987	862	989
698	-292	911	868
-599	-652	-446	566
762	664	932	729
-431	9	-81	912
-937	808	-647	908
-772	-81	469	806
-266	-575	778	173
-966	-555	250	-531
-286	-420	417	441
762	590	982	879
269	551	446	902
-972	219	-308	933
-835	-162	-760	639
902	-636	921	-632
-683	-263	-257	318
-779	112	817	747
264	882	959	933
935	-351	961	-326
-447	-829	-111	-77
464	-368	713	-251
206	556	805	815
-554	332	634	540
291	711	389	970
891	250	909	413
611	-490	846	687
54	778	661	951
-360	-108	34	640
528	-267	768	-201
652	291	827	437
-896	44	-210	883
-525	-627	-522	719
454	934	543	992
211	584	794	586
822	471	928	587
181	553	313	855
-99	-458	364	981
-275	-605	153	753
792	127	857	817
155	111	283	786
184	-366	205	474
-696	788	159	798
-702	-27	699	440
852	367	864	511
-544	884	-325	936
-418	772	139	930
-862	-394	855	257
176	-921	529	-773
-531	-925	462	713
-111	-705	626	-664
809	-75	958	641
-788	986	528	996
-468	183	184	624
831	-2	886	821
51	-598	593	6
-206	-116	-195	483
626	968	630	972
-470	-575	238	-534
-776	-428	981	425
136	278	818	907
560	-652	1000	282
427	666	670	720
-258	930	838	989
-47	-292	347	325
-1000	-211	782	-190
939	296	991	690
614	491	932	633
-973	859	-651	891
548	805	708	887
607	85	690	946
733	910	885	985
751	600	781	930
400	-531	719	-477
-771	-479	395	754
-391	-602	-90	711
-535	-672	-216	-330
160	930	489	953
77	129	755	401
39	329	177	875
495	-968	620	-608
181	-489	944	513
-229	724	149	799
774	-849	858	-371
-751	649	-612	804
-706	-847	556	519
-673	-678	86	896
284	537	472	539
-613	-571	774	-323
-921	53	942	542
199	280	498	389
-887	-617	186	-305
-88	980	391	984
-913	-896	585	-469
-412	-952	975	-16
410	-815	453	214
681	827	771	828
654	-820	670	-296
-81	406	929	634
-152	254	336	722
-620	491	-527	523
327	-9	380	775
710	-237	910	655
-511	-482	-97	105
529	29	874	196
-97	546	793	868
-128	-818	813	-423
-270	-873	560	198
998	304	1000	717
929	753	985	856
258	511	271	593
503	-66	596	998
-673	296	156	924
766	378	831	763
-912	943	-830	971
966	-338	997	-116
-34	849	532	859
-255	685	-160	730
-355	810	91	813
666	-620	881	336
850	-72	853	996
-387	-383	43	827
875	484	877	632
57	414	192	917
-18	-958	71	213
603	510	972	573
794	495	809	681
-535	214	-503	412
703	-595	945	302
273	-84	438	564
183	-994	328	-5
-128	967	-115	972
136	213	647	711
-759	658	-29	837
251	948	755	951
-578	-281	784	977
-479	-2	827	697
-546	294	857	856
584	-469	990	-234
-163	-33	113	651
-281	551	371	684
-387	574	-123	641
930	-687	955	-2
-810	394	342	573
398	-244	444	975
-79	502	752	695
-264	976	-23	996
-342	220	-172	619
470	175	918	228
-183	638	-83	993
854	-200	978	954
-830	139	-383	180
-511	342	-258	444
207	876	317	935
-664	-973	-367	789
615	-764	871	-394
-315	-693	-243	716
208	-98	954	52
-194	97	690	809
-81	-793	260	565
-544	585	432	805
944	771	965	937
-528	889	-268	952
45	-141	730	816
-783	-678	704	-452
-558	-215	169	-95
-845	-409	154	985
845	346	919	740
-889	962	-162	984
-895	-418	-552	852
-16	288	98	990
-233	798	286	929
-320	415	850	611
876	769	977	806
487	897	514	908
866	-197	949	539
479	-538	638	521
809	-391	917	142
672	-714	748	596
193	528	713	879
450	318	984	842
231	-528	956	-214
232	-869	820	-615
691	-437	752	771
640	19	755	632
-642	821	782	985
-489	-675	778	39
418	-603	507	987
880	993	913	997
-38	820	901	980
618	460	979	883
629	-975	890	-144
-825	-543	17	107
907	-633	919	256
803	297	940	759
-703	849	-181	920
275	-434	405	589
-732	-409	794	746
839	983	947	985
98	898	992	928
346	-425	935	287
-666	-352	-529	741
-25	-154	16	243
-430	-498	170	976
96	96	959	694
269	515	359	821
3	-722	283	-448
451	-998	649	35
-674	-876	549	-202
127	-66	666	893
-374	-613	355	-246
-208	-346	665	914
-39	513	603	962
-482	-246	143	696
342	939	956	958
935	149	980	864
445	-700	597	-497
-108	-208	993	62
-425	-959	512	446
576	-890	737	598
-789	-321	532	350
710	-548	984	321
-974	93	643	360
159	511	999	655
414	-681	448	-332
72	507	743	793
566	455	799	933
-801	-33	811	214
548	364	704	756
-50	-314	474	994
-789	381	632	481
-144	803	54	805
-639	-508	-198	238
-155	704	225	752
551	957	919	962
-263	999	202	1000
-508	903	-267	973
-776	663	170	803
867	610	909	836
-782	886	-399	921
396	-539	629	-223
520	-210	880	622
-81	887	559	928
-665	-830	73	521
-737	-551	-110	596
-729	147	407	658
-792	-31	-304	61
271	331	619	908
-389	370	-136	644
-900	-713	674	163
-623	351	396	940
837	-538	925	588
-221	-455	377	-294
448	492	723	722
-292	504	182	703
389	-678	754	-189
910	154	972	385
584	449	788	775
-265	954	97	995
-117	-711	906	525
-581	-949	339	31
-517	-985	344	-974
-618	-394	-249	529
43	-529	317	-282
825	84	856	662
704	-636	941	-309
70	-395	639	358
-965	-139	-26	0
-94	592	125	598
-923	330	566	507
-499	492	-120	947
510	749	584	807
-413	-722	-193	-652
-475	260	487	688
286	878	410	955
646	270	780	697
406	753	781	764
-663	-256	132	815
-687	946	966	972
403	846	835	892
-712	826	-145	908
-983	136	126	297
118	-22	839	474
-111	826	361	942
194	321	734	558
239	-365	515	-91
760	901	926	970
-44	835	949	971
385	728	901	767
574	-342	761	-21
-538	-695	148	-21
-22	256	2	529
895	-971	981	527
1	-860	476	-457
878	-160	893	63
-101	57	842	824
-587	-770	-247	830
17	-925	907	447
-306	835	999	877
795	157	901	374
-892	939	791	968
533	-705	602	-285
-789	-841	-387	-645
-533	654	597	953
-880	-710	-170	637
-352	-154	-79	599
950	393	970	847
777	-494	956	446
675	491	949	557
-224	863	980	917
362	551	759	866
-948	-187	201	427
-727	814	967	834
838	-959	916	541
657	22	990	244
863	-105	869	-97
990	306	998	553
-420	-338	553	176
-418	-918	-22	-511
331	579	853	834
629	412	880	661
144	-822	458	-620
-379	-734	894	58
176	-165	550	333
-96	-586	968	-161
-208	-699	732	-272
-566	-109	108	458
87	-134	738	932
709	890	887	964
-207	-328	734	-122
145	-352	532	44
776	-994	819	420
9	358	42	861
-189	240	-83	394
572	-939	990	631
144	-134	379	261
311	-65	352	774
-228	-364	-168	144
730	-832	763	525
471	258	769	873
684	624	954	744
-925	269	646	633
167	-327	343	573
-598	-197	524	77
-282	394	848	448
77	215	475	924
-140	384	738	975
387	-823	403	319
-350	706	756	904
-543	211	776	637
382	200	494	857
49	-313	269	496
-996	-891	887	812
972	956	998	961
-792	-543	99	935
-164	-727	476	-213
762	261	964	864
-396	-2	32	694
492	-422	752	-77
800	-637	920	619
-282	160	649	385
-850	565	-368	952
322	115	969	245
-975	673	-201	933
-975	-72	-329	720
-704	-832	515	-684
850	185	977	271
-439	-397	666	806
820	-761	975	842
-305	-455	920	966
-682	-764	-628	39
3	-679	152	-350
-165	-291	268	276
-439	783	-433	993
446	-837	763	-48
175	-798	241	-784
677	-245	711	14
936	-637	942	-136
-986	-265	482	269
798	-880	986	-289
-192	427	915	934
705	-682	769	-356
-639	957	-482	967
188	262	292	604
-983	-679	719	235
-247	-825	701	-507
-215	-785	-133	-14
393	-724	818	175
-823	251	-420	311
44	310	989	908
-936	689	-690	864
477	16	890	669
295	205	792	403
286	-849	590	105
-271	-743	-147	814
732	-695	932	-171
-663	486	201	883
-629	143	362	379
-844	-538	65	906
-854	-160	591	622
434	-640	470	922
227	794	790	997
598	-17	949	877
458	-929	585	-197
906	76	956	911
822	-315	892	600
-567	318	-457	891
277	178	919	921
640	-413	764	332
-226	-770	936	670
-300	-637	231	526
-947	15	-460	38
-476	-651	917	530
-802	347	417	515
-853	402	277	999
-612	-972	812	-576
114	192	535	998
246	-780	708	9
651	-508	892	-43
898	-823	967	-710
308	648	936	977
864	89	930	99
495	-573	656	159
5	-216	763	812
953	693	985	799
6	-656	92	960
579	-535	815	581
448	940	839	997
995	822	997	967
-227	631	426	938
-659	-898	928	-144
489	99	715	541
-818	-342	-658	-153
463	665	964	974
-356	-850	865	-576
290	336	737	503
-566	690	425	936
-477	-678	19	673
-128	345	229	855
-791	537	-62	710
612	914	958	919
954	217	978	762
426	761	637	905
-903	807	-584	926
76	572	144	752
243	-457	917	119
-132	-922	849	-334
722	643	824	711
-987	-82	-411	362
684	-714	757	421
-855	86	864	991
-695	-320	-630	941
630	702	842	989
-585	892	-46	907
2	-60	788	963
732	-612	982	109
-554	-232	348	-42
12	-870	127	583
-501	-10	5	642
312	752	605	849
298	-359	483	845
152	-277	353	56
699	352	859	676
14	281	960	787
437	578	601	634
398	369	669	966
674	-963	821	846
643	-612	887	977
-433	74	590	75
377	-599	445	561
69	709	970	742
417	734	433	997
-142	-227	828	598
-856	747	-253	756
-681	-17	69	764
-652	-759	164	537
-209	-499	-181	154
-260	-987	594	905
-214	641	192	656
-694	-354	352	101
385	891	931	985
-9	465	671	734
-49	689	582	898
-600	-170	263	168
-49	-608	38	657
67	738	131	876
4	-956	993	-239
-273	37	-212	594
915	698	931	864
889	331	911	386
-288	-188	-51	722
893	-710	977	-56
426	725	1000	895
-927	826	-380	925
379	968	730	976
-171	-982	406	290
-707	-365	676	264
-255	667	50	817
647	314	905	559
973	592	998	636
-719	-289	-69	594
-959	-962	265	-457
83	776	603	816
925	-681	958	292
-363	549	566	931
-380	674	-234	678
-150	-774	855	69
742	-84	994	458
-716	-809	-400	-287
-709	-537	-98	477
-7	-647	759	-503
-813	944	582	994
702	873	739	901
-432	-662	186	247
162	594	426	698
750	-665	935	-493
-317	395	879	699
-477	137	-177	408
-160	-50	786	54
-737	899	147	949
-913	366	-830	420
522	985	829	994
630	-13	808	906
-59	-883	695	572
240	509	749	896
-533	67	-183	160
-240	-579	-204	-183
913	-70	978	20
-506	-978	57	214
230	582	561	715
-443	91	993	382
366	-253	811	-120
-277	-382	542	22
-372	-721	962	-434
454	11	753	791
823	937	881	987
-977	-70	467	607
-334	-933	-207	981
757	-600	832	-149
186	76	464	660
932	-75	935	723
799	448	994	598
656	238	974	802
-108	-74	446	990
672	624	836	993
190	74	554	763
-319	-221	788	97
-684	26	963	692
-350	386	914	488
576	737	734	889
-473	-345	913	-62
178	-493	228	-419
-481	-569	617	-8
-289	-481	107	-67
587	-446	689	142
956	282	957	572
704	145	732	947
736	889	785	928
-871	135	-622	723
-586	554	-104	647
44	-103	177	477
9	-169	321	513
684	201	718	899
-53	-991	822	-402
296	141	514	553
-539	941	362	1000
-718	-244	-608	632
-360	-974	380	-874
373	182	649	920
-544	-459	571	-322
-345	-371	-197	696
202	-211	910	798
-554	754	-270	867
303	-571	965	947
-942	962	702	978
-966	-809	-653	619
-953	408	-142	607
-897	-956	288	710
209	-499	612	886
-507	512	895	868
541	326	832	892
-285	-892	920	626
-289	-973	782	218
700	827	953	897
893	-32	934	375
-889	805	3	955
561	-356	620	685
-14	-962	320	-23
970	429	996	712
-323	344	-186	802
-502	876	899	995
668	-576	759	-530
-79	525	873	965
-506	-575	-197	911
-301	299	705	897
42	97	482	822
82	-521	112	752
-686	800	41	937
-838	-98	-643	-71
287	695	444	864
123	-779	838	-332
-998	-217	347	-64
607	-507	710	46
-21	724	310	915
975	786	995	890
259	-599	711	571
445	-686	905	-430
372	-25	841	642
-427	207	-164	319
-739	-578	778	582
-184	491	-180	752
342	452	975	532
577	-363	860	475
221	930	943	978
-770	-844	239	-341
498	133	942	723
309	-3	956	924
732	-542	766	-529
-981	412	66	700
-615	876	-491	938
-473	729	-272	740
-562	-778	66	171
-954	-848	-544	-451
-972	431	-890	521
452	513	758	800
-18	-545	371	-159
119	253	766	508
-656	934	550	948
-129	-446	294	112
-18	-786	749	962
-108	-674	929	930
-644	-215	-195	471
12	-719	883	-290
372	643	525	772
331	482	784	841
562	756	711	948
792	-356	825	-146
235	-28	696	748
26	374	911	871
650	-651	918	-298
-762	-994	-292	433
152	708	444	820
-135	-275	-107	-32
-130	543	187	550
265	239	799	318
245	-689	545	-183
-574	-876	434	-90
342	892	985	966
920	198	980	964
-737	241	347	569
72	218	537	257
-860	-358	918	305
-55	-635	714	779
38	535	469	860
-228	-46	868	582
-594	-205	957	-125
-872	361	32	405
-167	-260	-103	635
463	928	580	978
319	-599	754	189
599	862	676	885
471	123	988	490
-260	736	909	838
-58	592	997	938
529	364	833	537
-130	455	890	806
494	25	644	250
-663	479	734	726
-143	-174	-72	-14
948	515	993	575
722	-388	822	775
810	-279	826	57
-742	-663	236	-528
558	-404	766	-195
-866	822	-520	847
804	469	994	759
754	645	861	679
-356	-974	362	555
-257	-488	935	-139
684	735	697	820
-405	973	573	974
-642	818	-349	839
-489	552	646	708
637	583	639	750
658	-661	749	-18
743	38	840	955
-249	-753	248	-183
898	-705	976	253
-107	926	187	974
986	-352	997	-183
-380	-906	199	-136
-965	302	635	687
-160	99	542	778
-668	351	277	485
-859	-295	590	84
435	-51	549	447
789	-681	794	225
-825	-98	937	69
-654	226	-486	472
123	902	758	946
-677	908	26	974
-292	-398	652	163
346	-378	830	435
631	-755	762	160
152	-363	302	-136
834	248	843	559
955	812	999	834
610	-873	689	-871
-163	-533	669	-168
-513	-144	-463	508
-669	-915	125	-302
-277	-332	-239	726
-55	-533	723	599
150	355	527	769
-688	-704	-442	-612
845	416	911	690
-220	67	-81	269
886	-382	996	319
78	281	169	353
864	292	988	369
-235	107	-216	659
752	802	871	943
629	559	690	775
-505	-278	515	500
-687	628	380	672
-828	647	-299	913
646	-923	738	194
418	317	827	757
269	-713	575	91
-55	679	754	689
-813	688	25	886
-308	439	-213	881
-940	85	337	332
747	309	767	559
-297	-239	-292	705
-692	-199	333	945
-109	144	632	730
893	-701	990	-123
-582	-533	90	796
-112	-999	507	19
888	-506	933	164
-987	-584	362	-156
748	727	831	942
857	-25	874	291
-961	-68	-617	564
-766	827	-210	996
-703	452	91	749
166	539	429	943
-634	-396	-466	-321
673	591	828	776
-971	486	-204	711
162	798	956	929
-874	-136	368	582
-671	663	236	703
-527	940	322	966
-584	-69	753	59
73	-294	813	177
-357	-407	-347	-390
373	257	763	937
-322	446	292	888
-914	69	539	874
468	375	897	638
371	-513	721	411
-386	287	-97	654
-503	-271	779	1
-544	-48	867	141
-871	-706	507	-11
432	426	693	856
-798	-963	373	-734
579	-334	952	949
454	-767	881	291
725	-810	768	-461
-983	534	-699	722
693	463	881	814
-561	66	834	326
-602	156	-328	716
-306	-197	883	314
-186	499	748	888
-613	215	-276	384
-502	776	11	938
691	234	957	861
778	55	816	822
-612	-251	-520	338
-141	-782	-123	879
-972	-404	-918	-315
358	-526	529	-291
-391	470	145	768
99	-595	559	-228
726	291	807	434
-521	133	-269	872
279	-373	651	-301
-129	661	-53	671
447	710	544	940
761	942	866	996
-364	-177	227	-88
458	774	502	820
119	700	274	856
706	-953	976	89
-98	930	701	959
775	-429	833	-40
216	-919	391	103
-933	-789	-23	-502
-933	-230	642	737
-197	-347	308	101
346	325	607	728
-655	-319	673	618
-35	209	305	624
502	-561	949	565
711	-172	756	399
-135	-725	736	173
-721	-324	-448	408
333	-352	808	824
-884	-837	-834	375
247	-687	687	584
-197	-253	298	-231
213	-924	905	826
-577	505	-96	901
446	-514	505	33
-243	-279	-197	-133
777	-843	968	740
675	-543	964	829
635	488	871	678
-331	241	912	494
35	-283	473	146
293	-901	943	-189
-228	288	505	926
365	462	511	978
749	-655	849	-641
202	-26	940	820
146	-175	388	874
-649	-535	871	126
154	-136	459	-20
386	39	515	785
566	-738	971	523
352	-784	725	982
293	-551	618	783
-543	-185	31	499
-444	-723	123	-494
615	-728	782	659
-317	745	758	932
-803	977	522	993
289	-439	533	742
814	686	864	763
-263	398	208	872
-394	-313	483	-10
716	-521	914	-62
982	-320	984	536
684	-250	903	-122
-40	45	263	393
550	307	723	691
923	-82	932	520
-398	769	35	986
576	736	764	895
653	680	769	946
698	-419	949	984
25	18	301	167
413	-940	573	-638
-431	-354	188	258
304	36	887	428
828	-171	899	970
726	-106	982	-79
236	-261	866	495
-34	-355	144	809
509	813	973	847
301	50	530	460
-888	735	972	822
-817	820	257	909
-540	649	642	812
389	587	630	602
941	-375	988	811
600	-387	746	-123
-478	-104	802	166
623	-984	670	699
334	660	999	769
-281	-836	882	-745
-940	-63	-225	443
1	-697	684	928
285	865	911	968
50	711	999	809
-377	214	313	655
240	-507	736	873
659	420	853	671
-466	702	619	809
-492	137	-184	861
362	663	776	784
-28	-281	691	270
-887	-343	298	653
725	578	852	591
-587	-803	648	682
-18	-70	795	925
308	116	407	921
990	548	998	952
808	739	812	855
423	809	816	998
634	418	951	631
-842	106	15	779
-43	-985	113	994
995	92	1000	609
-74	-433	256	297
-512	-666	385	571
-93	629	40	903
500	457	911	960
138	545	596	795
746	376	780	498
-117	-608	630	159
238	-237	470	-176
-798	-594	-427	81
-186	-80	982	1000
-570	-380	40	188
948	-550	972	948
609	967	781	995
-328	477	644	783
-5	-545	595	-482
-442	658	-296	837
958	861	976	954
-833	123	-637	279
-303	706	220	968
-700	-88	789	42
299	806	461	846
113	244	218	305
337	509	498	854
442	34	724	67
-563	-561	-429	909
866	256	968	971
114	875	540	888
226	708	516	719
146	-5	729	260
-477	-103	400	866
394	325	915	399
-150	-849	430	-84
66	-383	859	-381
308	-86	496	41
623	-877	706	767
502	857	569	994
199	716	921	978
589	-923	713	-278
958	-59	972	775
-558	-450	706	3
-563	-88	754	289
381	439	484	523
368	-487	939	648
-571	95	440	788
675	-441	938	116
322	378	896	604
-553	-251	252	901
-588	-533	266	913
566	-818	658	-605
-321	442	238	994
751	949	798	951
-850	333	-14	352
712	473	782	618
780	35	792	534
529	-163	907	204
-619	-922	438	267
-724	329	806	944
86	-414	698	246
58	-937	470	342
179	-371	522	309
95	-648	404	218
-302	-926	172	-413
-22	-839	430	790
-29	-148	222	147
515	197	1000	481
-614	660	379	926
-60	333	336	351
185	332	625	497
232	-666	763	-336
-359	123	164	293
679	-641	774	89
290	-686	406	506
964	-709	999	248
-97	958	180	982
-978	-219	-272	-24
654	-463	887	899
836	-400	995	949
148	-149	431	427
968	-325	984	-127
443	619	453	662
472	-39	870	982
212	724	516	990
414	918	436	1000
-424	-948	286	163
-315	-957	217	485
953	463	957	719
272	-488	524	372
276	941	347	948
-428	-985	-96	327
-240	-142	231	94
-709	-605	123	347
-329	709	108	998
-842	315	940	841
14	-491	793	390
419	733	517	966
-805	-999	967	585
376	911	809	974
493	-676	613	-574
-949	-649	169	843
641	-738	700	-155
-554	-348	931	-165
-565	382	-38	843
-242	928	-197	949
-752	-188	71	955
955	615	981	972
-55	557	69	847
-493	-800	-53	238
867	-750	922	696
512	998	524	999
-513	-443	-470	-15
-404	-880	-124	279
515	678	789	953
796	-991	934	972
-909	-940	-594	207
-825	785	-470	929
-860	-367	240	491
87	335	338	819
-61	-526	420	297
-554	-867	-120	12
675	-186	695	-75
-211	231	451	340
906	-604	933	-504
-525	589	566	968
330	155	841	761
-558	444	-188	851
573	-798	902	-784
536	872	963	925
-763	305	-639	951
-719	-569	30	242
-82	-428	609	273
-831	18	-743	640
972	-506	977	-214
-366	-845	-194	-377
373	-165	914	910
-506	-474	230	-261
-111	-263	51	977
563	117	878	826
360	747	673	944
990	668	993	797
570	249	788	308
54	-801	690	-73
-710	244	465	366
634	256	658	768
-802	35	808	560
-205	895	693	991
211	298	435	715
852	-890	973	-815
253	-323	325	-298
-488	-401	-287	-333
295	-780	458	514
-296	-583	72	315
406	-348	709	346
-107	-634	75	267
644	-82	882	331
-915	945	-910	953
958	-797	999	-324
3	-687	509	424
-965	-152	-358	825
573	511	684	747
-839	455	-657	660
-260	-183	-2	497
522	187	807	226
668	917	979	963
-123	712	523	845
-973	-515	802	841
635	43	851	637
48	106	262	791
976	-844	985	860
-591	-917	71	180
936	-338	1000	68
-602	138	-173	785
-771	924	267	935
175	651	478	964
-250	41	-89	663
424	831	918	855
-827	-465	-307	987
426	551	865	734
355	-208	519	297
798	851	827	893
617	933	887	987
323	-712	881	-89
-48	40	290	157
31	-236	500	244
-454	-783	379	975
-217	603	-100	896
171	646	253	751
779	-865	991	806
-619	204	530	606
417	47	994	681
121	-251	620	962
268	144	557	640
207	-805	759	-97
-862	350	374	451
-541	-12	693	351
318	433	654	883
18	-887	748	-639
79	-469	700	559
186	991	499	994
598	-545	678	-426
61	181	551	700
-611	798	1000	890
-59	-686	519	-261
-667	-225	-247	702
-962	-97	428	76
-532	226	-99	900
-67	-204	32	42
949	-332	997	392
-31	-144	591	639
594	-328	983	981
-472	-976	938	718
-693	327	406	570
548	-447	860	878
-326	-82	595	543
405	354	487	968
428	12	984	126
-887	-720	293	-238
497	-148	515	-7
-572	533	169	928
830	-360	899	394
688	-624	974	-361
-707	-232	-155	866
-162	-594	535	-500
-200	871	623	963
284	866	621	874
-471	378	348	929
-104	-73	1000	120
341	-450	665	-445
-515	-375	-490	755
768	798	950	952
265	191	490	697
-49	463	69	863
105	492	277	710
949	740	968	856
296	-192	832	481
-679	-722	303	360
9	521	31	701
-558	-675	-485	840
909	-559	939	215
418	-45	905	515
730	694	779	900
756	741	952	857
681	-85	735	372
-911	-558	621	424
-322	-459	-234	358
-934	103	-563	948
111	-637	193	694
-390	675	886	725
997	771	1000	881
567	884	779	889
752	-343	796	802
599	825	891	885
559	733	785	958
-694	-698	-662	338
329	542	974	715
-172	265	880	635
-671	-580	-561	-171
603	-981	915	126
-994	-618	865	769
-426	447	-314	833
-257	340	894	669
-204	-151	956	313
598	-819	633	442
779	610	797	685
148	76	464	185
113	690	419	827
-120	572	652	580
65	-426	904	-424
-12	-564	897	283
84	262	383	889
105	895	913	935
-224	938	811	970
-405	898	519	946
631	914	827	980
574	-331	962	771
440	-225	563	936
789	314	790	427
-559	899	849	919
373	-380	975	101
918	-716	997	-364
-115	33	-33	262
-638	753	602	915
-274	-730	656	-243
-517	-697	355	-63
-602	-45	206	-30
-272	-449	232	502
941	-928	942	962
450	-681	627	-524
157	-763	485	-312
806	-919	946	-101
-86	-609	831	-344
905	-808	998	-516
-836	-32	-578	650
-564	-712	706	-188
718	551	735	700
140	-988	346	210
-529	936	-260	956
389	-272	660	858
-939	-137	989	951
599	607	709	624
289	-694	615	969
126	728	637	757
784	345	895	389
916	119	995	135
-402	-12	-211	32
-415	-312	92	602
387	-777	787	965
459	-945	698	-737
362	-44	643	250
-369	-290	835	410
49	350	440	768
269	-589	334	-315
927	-597	991	-186
565	492	730	576
350	-112	623	845
234	770	317	792
123	-487	703	-164
-831	7	173	347
171	-752	403	809
909	-594	954	-82
464	-776	649	765
498	-832	923	865
251	926	544	989
657	-430	969	691
-180	-890	983	293
-842	349	-179	524
866	694	975	792
907	-246	924	569
-37	56	970	590
61	247	635	315
473	43	694	495
-779	484	941	846
-803	-545	699	201
779	-605	991	1
590	243	970	255
140	859	393	903
-667	-382	342	532
577	241	929	655
-774	-538	724	176
428	-19	669	873
735	-655	982	-587
947	370	984	471
-561	-539	-248	-399
622	-572	673	94
796	315	914	641
-551	-370	313	658
994	-325	997	-120
-538	93	323	718
-534	740	568	896
911	-551	923	180
-283	304	-32	526
-382	820	660	859
-778	-286	-153	-4
484	664	601	868
460	624	781	638
-187	-400	758	70
-191	-171	387	771
948	910	968	924
-124	-590	209	109
547	-684	849	967
744	104	888	937
150	-444	922	850
93	-725	946	-663
885	-673	913	-574
383	-754	874	-18
825	782	936	802
320	99	380	298
770	-273	919	672
-137	-963	357	622
763	-795	938	-9
524	-331	842	-270
-484	274	622	812
-782	924	-418	974
-8	-295	118	-181
-943	514	-182	591
879	836	915	916
74	-540	951	491
-100	521	984	962
-419	-145	148	608
993	-310	996	961
-80	-897	895	-793
-219	-925	542	599
277	-332	417	-72
-950	954	460	989
845	-974	919	-143
94	-570	982	-152
688	360	865	905
-866	548	76	796
916	459	996	655
-151	-6	876	222
-763	-937	642	-262
103	-157	881	952
961	-155	972	613
-269	-777	-106	-190
603	-5	814	586
134	-302	427	455
427	-546	602	333
861	42	993	565
-310	379	84	800
-74	-211	407	200
-623	-569	954	399
962	587	974	698
610	944	851	994
-400	212	205	990
584	-428	933	-135
890	472	925	727
-123	-66	375	923
-948	-223	504	643
-268	-913	200	-118
-169	-545	-62	-166
702	167	946	418
789	-105	991	291
-91	497	151	804
-343	103	652	1000
676	-170	990	-50
887	141	971	189
510	-827	625	409
-110	-960	623	814
425	760	676	809
-150	672	20	695
310	-577	902	757
-59	-484	132	132
62	-57	734	965
873	-202	934	412
259	8	855	697
-826	517	896	860
-54	-399	744	433
-356	-114	997	963
-546	170	-445	458
579	156	800	530
-681	838	-440	911
-658	-912	288	40
-542	-445	307	676
447	843	493	895
-23	70	848	936
-823	688	-560	731
-675	-30	657	731
-611	902	328	996
-349	-430	808	-156
305	-611	614	-555
141	918	422	968
327	277	362	582
-652	-917	961	354
-267	205	677	506
82	806	429	890
230	-544	617	-126
214	-617	695	-584
-140	-159	418	241
-555	-948	274	846
611	616	807	705
782	-745	869	351
-36	-153	692	907
-572	-908	618	602
273	-464	316	250
730	-302	995	700
-810	490	940	588
-756	-838	10	127
378	434	860	865
-92	270	-80	1000
-696	-792	132	192
-894	822	-280	902
425	597	747	632
-243	-918	981	836
411	-926	925	383
724	-823	862	-499
-507	-30	183	-1
974	46	978	887
-315	479	-182	901
689	-166	901	613
-392	-225	863	688
950	-438	969	569
440	176	509	766
-835	82	492	179
475	210	705	739
-914	567	571	602
983	-896	991	875
-682	-775	344	239
-217	-18	683	748
605	864	919	917
803	-884	925	855
-547	-832	113	-773
-563	227	-265	885
-289	-272	-34	91
440	-598	570	299
-508	-428	-54	598
861	-461	903	-139
-829	62	7	219
-731	855	664	980
427	107	791	163
103	-7	893	428
901	-766	928	-670
446	-490	887	423
-630	-770	143	-685
694	-611	824	535
804	-603	906	-81
259	-245	575	206
395	-441	438	903
-407	-285	74	-245
411	-7	427	458
143	-629	166	166
963	-587	980	459
898	741	944	939
698	-451	864	-61
-669	-64	344	212
877	-420	994	703
937	-818	997	-554
586	-809	836	706
353	-353	942	565
-819	843	-13	918
76	-801	334	-213
-556	534	-225	828
-705	-370	-547	905
940	-266	976	-16
-94	-355	738	-177
567	30	793	954
149	-495	794	-95
241	-204	827	595
-609	-94	354	96
-865	-482	754	971
395	-74	966	390
-531	-87	395	516
37	505	864	610
-984	-34	-356	417
-17	39	386	918
-326	528	-193	786
559	-546	988	475
-207	-235	-186	-73
-243	785	-205	859
-571	-733	-185	533
-596	614	707	825
-578	-669	432	898
-198	149	615	368
-438	35	242	617
-38	-689	145	-400
664	928	855	963
-878	-535	-509	441
-448	-389	441	348
339	-731	900	955
308	-297	689	108
-308	480	507	577
211	532	967	980
-841	608	474	806
733	260	896	361
802	69	972	373
-886	-370	-591	333
-573	-385	798	533
182	-952	212	-839
563	395	913	798
630	-930	755	292
-844	898	-214	921
464	-300	891	-78
453	869	974	952
-546	-47	61	345
-882	403	937	454
-860	-694	240	346
136	5	216	508
644	-409	869	749
-884	-628	572	-432
247	640	871	789
-256	551	172	967
-55	-39	-47	98
-599	-737	371	167
85	90	671	395
-834	-103	847	695
147	-161	623	92
366	-483	588	471
508	-227	918	27
620	730	772	891
185	390	866	456
-382	114	726	334
-551	-413	-125	-284
-568	-893	470	-529
-487	-788	731	-565
841	-877	878	-89
-380	327	653	695
340	-994	867	-582
-476	955	634	965
761	558	968	733
229	986	736	991
-895	-820	-131	365
-426	684	809	876
-529	-364	300	602
-500	973	349	981
824	-618	949	829
-140	900	933	970
-314	434	687	904
824	6	853	675
-980	36	76	854
172	482	617	682
-564	-485	522	514
-944	508	762	527
43	58	238	345
764	-77	781	912
-883	-680	890	116
778	854	978	948
165	71	504	165
-551	-428	368	-207
-379	258	-343	526
-503	-852	802	-362
-260	-357	287	246
-412	-265	388	805
120	-555	810	-136
-632	570	763	571
-159	297	730	897
-878	409	-834	998
8	-38	718	931
-219	-150	121	233
634	-174	870	77
327	-598	425	-309
-515	226	818	926
573	887	922	944
739	-475	942	963
-418	-860	266	-72
-776	176	-260	451
-288	280	-135	488
-426	-340	870	-32
971	-543	977	-277
958	670	979	951
-746	706	850	715
-674	-662	-148	-104
978	171	982	553
698	-425	743	272
-519	-729	767	457
479	-759	506	-409
316	220	531	731
-741	846	380	978
222	602	418	800
-86	-415	734	569
-433	-896	395	408
-37	-263	472	45
832	147	944	697
-784	804	290	878
-666	-655	584	289
-34	-2	503	863
-735	-808	362	-320
317	778	631	849
698	785	733	910
994	989	1000	997
570	682	625	740
-417	831	77	895
205	255	388	684
-373	680	-309	960
-371	876	946	913
-634	-409	-302	166
-117	518	756	716
-963	-631	836	-346
-326	-557	327	800
555	20	639	432
-779	-529	127	-173
961	11	988	626
-996	-284	-422	-11
376	152	575	949
-743	117	964	1000
-367	653	751	939
-452	-503	-297	-323
979	-191	981	-39
-876	-857	-375	32
277	-642	386	884
-363	596	578	600
-960	326	-420	502
782	-224	903	100
782	-228	931	345
-515	-499	-417	447
-68	-729	225	-205
-999	-678	172	510
-917	-406	-916	286
651	165	852	699
682	-496	827	175
906	186	945	422
738	-185	780	180
754	762	863	930
-947	-638	405	385
-42	-991	22	506
258	-108	666	-36
661	939	759	964
939	-142	974	960
-615	-356	-458	-9
-214	-251	522	6
323	-144	866	405
750	-514	804	-128
553	193	621	803
-825	-718	687	712
-324	184	270	684
-222	-805	162	-164
303	38	486	517
-653	-687	-570	620
-777	332	910	517
765	879	980	915
-831	526	-339	597
-446	-615	329	38
247	714	836	867
462	495	968	774
-27	-639	533	-281
828	-309	901	-53
-301	760	606	855
-606	931	-566	995
252	785	829	884
-666	561	199	926
-66	453	462	630
-770	596	-352	602
842	180	898	899
154	-414	232	206
327	984	651	995
-310	-100	-140	923
724	600	802	989
685	282	846	798
-371	-231	-124	629
692	-495	846	684
-380	-737	628	-709
-739	460	719	857
-396	-253	740	452
-201	53	-135	719
-153	-334	607	-130
817	303	827	796
199	614	874	910
951	503	964	636
-291	-266	712	685
-410	783	-371	942
94	-473	675	218
704	-150	839	711
-714	129	-73	153
933	849	997	921
619	-305	902	625
-831	-933	473	512
-471	-622	454	683
-14	-847	159	-42
597	-411	989	816
-614	-498	-414	646
634	619	847	959
-159	197	193	340
-556	-623	-428	700
305	-702	565	53
-501	-162	602	311
-45	-884	664	-716
-397	76	-61	799
-957	975	-406	981
73	97	322	257
782	576	999	978
-184	-310	712	740
-659	-875	33	564
-176	174	-105	560
102	-660	348	264
-751	516	912	983
-451	633	721	921
362	899	721	901
-249	99	-36	971
-154	41	850	207
-988	267	-827	335
505	-91	928	229
984	502	993	786
-592	473	-221	945
622	910	730	970
649	-661	670	293
-14	-416	342	-39
26	-815	482	-809
233	165	323	325
701	-528	926	-321
-953	-329	311	284
-744	-208	200	521
-603	-182	135	-132
-418	-525	-207	695
-202	-276	967	501
650	736	764	805
-428	881	991	957
234	-874	374	-579
815	-682	898	231
281	94	996	432
715	98	823	437
-97	-221	708	784
-124	80	968	825
179	-307	386	88
979	-987	1000	-340
203	-183	296	256
170	-743	402	-300
772	328	927	818
-545	-355	916	858
611	-8	908	103
486	-72	592	321
210	-795	409	-618
854	-969	961	-233
-799	292	77	438
-576	395	-288	823
446	-199	988	913
224	-821	409	358
-767	-809	659	-527
-9	524	656	767
378	712	542	847
844	-970	899	713
-158	716	242	872
-103	-283	674	116
526	892	829	991
-893	-220	160	304
-706	-3	127	973
721	-846	754	-66
-853	23	315	262
285	702	635	831
-774	558	-332	594
175	-945	272	664
714	-44	776	179
-432	300	-131	789
-848	39	730	372
877	-113	950	194
931	636	999	910
938	-274	945	183
-332	-299	1	603
-339	60	523	92
518	-692	791	-470
-934	517	76	888
284	-470	683	311
339	-307	809	-137
-37	154	522	493
535	482	613	963
-731	-304	-17	247
-598	882	702	898
579	-571	592	747
-425	777	921	824
-710	335	-582	376
-203	-845	14	649
970	257	996	971
497	-876	797	-506
-991	210	-138	951
-364	-645	127	-82
324	311	462	923
661	146	979	650
207	885	680	933
-452	-660	613	-3
-323	735	-178	947
-765	-940	531	-885
125	-120	786	595
434	670	640	972
-302	-850	-8	936
325	200	971	277
-232	622	504	907
710	519	981	705
-528	487	-483	527
-103	-791	-48	-482
458	827	879	922
-182	-861	442	181
461	352	939	893
-128	-934	342	329
435	862	879	997
753	-884	809	-489
-428	-801	707	998
-732	-256	946	595
853	-329	870	114
594	77	979	795
-920	-390	883	-196
888	51	905	540
-156	-706	524	-166
78	324	123	754
-744	-608	-274	-542
86	713	345	974
-109	-182	894	921
372	-417	530	287
601	-211	973	507
713	-216	879	-181
-384	-655	411	358
-542	-862	-500	-274
466	887	647	973
313	-302	706	750
-448	-769	269	-583
-791	-485	524	289
-740	-849	-706	160
-910	226	162	304
56	-648	121	-53
896	788	910	884
753	-516	838	216
-951	131	-559	666
-240	51	-223	340
358	-128	921	163
134	621	172	821
-228	917	315	995
908	-870	935	-756
-882	-442	733	-280
68	-195	371	797
136	473	507	527
611	433	694	855
-360	-469	705	-450
-728	-871	-399	784
-711	856	462	871
862	-259	934	412
-111	-315	827	539
810	-459	896	-366
-803	-652	-131	245
768	743	928	912
-836	-677	-194	301
568	-181	712	412
-575	783	970	832
828	-698	891	964
925	-708	971	-466
-557	-36	589	230
594	-955	956	-703
89	225	906	690
-762	661	-636	672
-974	193	346	408
816	674	885	706
159	-662	608	468
-505	254	387	267
354	960	657	982
898	-897	982	-447
-287	-855	115	-432
151	419	647	791
730	149	945	445
768	-254	954	-212
-939	394	921	490
764	669	823	976
-88	-750	460	1000
782	647	989	729
-292	-17	35	505
-36	-21	929	526
239	-796	519	21
-838	-106	-782	889
-616	-595	640	27
196	-86	480	425
-933	543	175	844
-377	236	61	247
-223	589	856	825
-625	669	520	716
-632	-832	423	-803
-420	-531	952	923
-305	-721	415	823
414	-204	807	-168
844	292	944	560
-303	-574	893	225
-246	-834	390	-793
437	-861	653	290
-66	152	869	666
48	-596	370	684
530	223	838	454
879	57	890	942
-200	-206	944	365
333	50	667	855
899	-140	922	600
972	-943	981	651
308	477	748	652
-587	-173	540	846
866	989	941	994
88	419	721	584
-549	49	767	833
-568	-340	391	453
-43	891	787	945
432	-831	499	436
41	648	495	653
-605	-289	820	268
-28	330	23	736
-437	-281	-249	92
806	-918	894	239
843	-279	977	774
-502	626	543	831
-911	-417	-773	512
-367	-130	856	643
-407	601	568	736
429	13	796	521
-596	-725	-508	-516
-649	-352	518	184
787	376	933	768
-707	-601	290	191
-857	-916	-5	-546
-643	175	-518	231
-384	-447	-165	436
901	683	980	869
-638	365	-447	737
635	624	929	849
133	-680	273	-179
-595	-877	195	203
543	-703	776	783
398	-313	946	345
-872	-939	-800	-604
-369	789	940	794
517	75	687	484
90	-807	764	398
584	-36	717	108
188	855	448	887
296	52	790	816
-470	-526	982	753
660	859	797	929
-844	-637	-753	841
-95	905	87	964
726	-405	770	344
75	-102	810	904
32	-166	944	225
-100	-646	1	-516
-340	62	783	568
-696	-852	248	-338
-875	232	930	845
798	631	893	958
-641	-633	260	844
864	229	980	243
-903	-900	721	-732
770	907	803	970
-125	-424	880	885
-779	-397	-321	499
54	-411	860	151
-798	916	-415	995
-179	896	-13	989
863	-434	970	844
538	855	650	904
312	22	956	32
664	596	842	883
-738	-994	424	194
349	-140	603	-103
998	-781	1000	111
863	244	908	732
-871	-736	-376	162
-16	631	831	673
-291	683	874	701
281	-245	721	358
351	-993	654	206
293	-269	353	649
-540	-244	367	369
715	89	877	755
-851	994	316	1000
-692	243	660	433
-70	833	937	987
749	-812	815	25
-52	-606	319	45
-81	-915	96	-844
162	-549	333	422
-467	160	-193	748
-399	-510	129	433
-531	-540	-62	66
-218	495	153	880
608	-73	613	217
183	430	248	978
-388	280	15	546
-202	993	428	996
595	875	699	906
-792	761	363	841
790	312	971	831
768	-508	889	258
608	-442	715	99
149	360	379	710
-557	-908	321	-74
309	-944	751	726
901	-142	930	836
-671	504	290	526
-330	-95	636	522
464	522	628	893
645	-820	672	-391
-989	-576	964	-350
-290	690	861	706
628	743	967	948
-701	-662	876	210
-301	-186	670	307
449	96	984	225
-67	40	114	753
483	868	822	943
-445	43	443	357
-315	-912	221	-23
-572	-752	360	-427
446	710	944	983
-580	-953	989	-368
629	-822	689	-20
559	-771	861	572
-538	519	897	822
-974	398	-355	836
-24	387	664	729
-464	-946	-89	-363
-975	-494	181	466
223	52	837	309
-757	588	715	794
-322	-14	635	380
-360	-187	685	185
509	-294	850	605
-319	967	825	987
14	-36	737	312
166	-767	463	-33
-647	-437	506	208
-24	-795	339	-176
367	-680	897	-215
-104	-645	818	551
692	-311	735	470
-267	-82	-167	788
704	-164	794	-132
-632	-112	382	745
701	812	857	885
305	-52	682	268
196	-958	999	-12
850	638	959	650
-197	193	746	388
224	-709	892	143
-414	99	-23	624
246	977	568	991
-30	953	674	985
975	520	990	850
460	-655	524	542
-426	-400	801	-14
671	455	856	672
966	933	969	941
690	576	849	929
-243	-677	878	451
162	-156	919	31
-24	29	357	241
-873	281	103	962
-968	-634	936	-617
112	-588	521	-558
877	-187	924	748
-101	305	832	307
691	-559	798	41
-632	780	-581	790
129	-335	214	778
-881	449	-254	813
-529	-278	-91	287
225	-297	314	581
-918	998	-917	1000
-497	448	-183	793
-231	969	120	993
-733	940	73	988
-740	-642	295	828
477	139	551	659
-54	-936	60	-122
434	739	819	923
508	696	553	869
-110	-831	704	47
-866	552	94	950
-279	167	821	562
-425	-483	-128	681
398	928	412	973
553	547	843	621
-34	893	852	995
312	890	389	919
-863	671	-66	873
704	-543	987	-196
535	950	809	979
473	-904	933	737
-852	-192	597	789
32	-729	819	348
335	585	904	788
818	-467	892	378
-700	-271	202	593
-234	483	715	928
-502	-735	926	904
-322	352	-251	917
-224	449	703	950
-811	-466	-185	317
967	-613	986	511
-492	923	-1	979
-213	-977	85	790
863	622	885	812
-881	-282	-276	157
621	-581	755	-497
-681	-261	-448	183
142	-461	210	271
959	-384	980	884
44	95	297	958
-578	753	857	967
367	-575	719	924
-368	201	-176	741
555	656	646	996
-142	-3	318	285
-463	-749	-200	-738
-545	282	216	514
-896	694	-192	796
617	-193	645	399
-845	927	-121	964
-868	-587	-461	-382
732	335	753	485
-764	-626	420	498
95	556	157	962
237	332	717	800
113	-943	228	-521
161	375	756	762
-803	-120	21	698
696	-396	731	966
-830	-763	-152	231
-826	-316	-638	626
908	-61	977	523
-288	553	2	690
207	462	733	558
-206	-551	136	693
-673	-786	-51	735
-916	593	-784	991
586	786	686	871
882	432	1000	903
304	-108	893	552
285	-640	642	22
792	-163	858	-37
-876	-317	175	816
867	29	886	863
837	884	977	936
-456	-347	339	790
896	-156	1000	428
-656	31	708	806
-987	942	899	970
-694	166	794	589
27	59	868	423
436	514	941	661
33	-792	978	-405
-356	943	342	969
-624	38	181	482
274	-430	596	125
705	357	936	550
496	353	797	788
454	-342	698	761
699	124	802	131
712	21	883	760
758	823	850	978
-723	914	-48	981
-606	856	825	940
448	-381	641	-60
-205	-507	764	247
953	224	990	377
-706	-42	92	41
-669	505	-199	588
42	265	955	479
557	-438	746	295
527	797	832	799
-336	112	299	646
-32	-930	127	649
-559	291	-548	298
-958	-10	481	531
-285	674	871	823
548	-467	861	941
440	328	511	851
-574	-781	-298	901
693	-230	738	687
-321	-162	733	215
-508	777	-224	992
-275	-705	259	-491
402	-815	648	-420
-437	-816	960	-693
868	-701	989	-688
527	-446	995	727
438	298	793	646
-59	-259	505	497
453	-774	570	-281
-560	-514	-542	906
452	658	730	887
708	-620	980	-493
-62	-643	97	302
-261	-111	406	350
-912	260	89	657
457	356	939	724
125	-438	287	643
895	449	906	452
228	247	587	505
-315	670	-175	827
-875	-759	756	653
-33	192	758	525
422	-837	623	40
716	113	887	256
841	319	985	574
-353	-401	945	505
668	149	791	962
-596	-663	624	677
-896	431	-526	962
-918	399	729	990
680	-937	827	-272
762	-688	837	768
492	994	746	999
-632	88	458	873
927	249	988	655
445	623	577	689
-729	408	227	701
-531	641	575	800
-982	585	441	728
-367	128	-56	635
-418	878	196	894
-143	-877	879	948
-14	144	396	383
-300	-126	277	104
123	-987	444	894
205	471	848	865
-921	197	-456	540
479	797	505	952
-724	33	-139	483
-372	60	82	974
36	510	347	536
-42	-939	574	925
413	-460	972	846
38	-640	200	-185
-304	-540	515	636
907	-114	940	823
-545	476	718	814
755	501	831	954
377	-455	988	-56
207	976	391	994
355	-78	792	-25
-545	658	-240	961
141	406	943	786
362	-76	439	54
463	-469	644	400
175	-550	567	224
-25	-690	465	110
154	990	980	998
767	550	992	739
606	-197	681	233
-363	644	89	867
-955	392	85	879
-164	-286	652	-58
460	-686	708	228
-854	-511	888	165
215	-342	693	-15
430	180	817	608
-467	386	339	621
307	737	714	820
29	425	518	736
-411	998	-286	1000
-600	707	575	952
754	600	893	747
176	-423	194	660
-482	555	228	878
955	-635	965	347
721	-223	906	-31
89	589	850	727
917	562	930	576
-48	319	791	902
773	854	907	871
-728	743	732	846
-482	797	-221	804
-451	545	687	715
-111	-140	282	121
609	-242	738	-67
464	-496	879	304
309	942	699	996
-78	-999	959	872
-183	399	-62	431
751	-582	949	626
529	770	945	845
32	-606	852	828
-493	429	8	985
-712	-935	-273	-825
612	-483	787	-200
-3	371	528	945
-923	513	88	833
-654	-923	-338	694
-996	-552	-785	30
-592	-896	-560	486
82	-906	809	54
167	963	866	995
494	656	878	906
-59	-812	255	475
-770	57	455	970
-835	481	405	949
-206	41	367	212
216	755	797	833
-726	-402	915	99
204	195	964	575
-587	201	82	811
274	-129	278	222
447	-798	709	663
74	-512	149	709
402	-155	923	123
-658	305	-124	526
625	626	923	783
619	-940	916	753
-495	-487	403	-170
-287	147	825	618
686	-782	713	270
-946	-66	-523	713
139	148	550	507
-675	-908	-109	-592
705	109	902	568
-247	-522	269	-380
-489	-492	-262	219
987	-812	996	-749
62	471	908	549
484	-493	516	329
-953	946	26	954
-126	-156	929	945
996	-980	997	-295
594	142	984	463
765	381	923	704
-896	253	-335	535
-696	-243	596	-204
-61	901	815	960
-158	761	43	891
-40	-135	654	853
277	303	546	861
51	-570	598	386
751	-434	942	592
779	738	822	877
-144	-317	6	-271
-131	835	672	884
-785	559	-224	621
-603	810	592	823
-871	133	974	666
22	625	99	658
-561	213	-168	407
-860	397	561	915
609	-717	656	24
702	-572	781	-86
-506	-607	864	488
901	-258	934	866
-653	-70	296	489
-914	262	765	940
848	-402	863	-129
946	761	971	878
832	496	876	916
555	-157	769	702
-272	-43	72	732
52	-482	785	115
510	616	694	749
-582	-408	860	-146
-801	-803	421	228
-715	832	-307	841
319	-687	529	73
-269	743	816	868
439	606	531	785
819	110	830	217
-846	96	371	261
516	-713	562	242
-632	-904	-393	-672
-231	-576	-106	411
289	140	428	589
596	-937	906	639
-623	198	972	560
606	-336	663	144
-286	-150	530	363
6	-533	49	-454
-165	-117	791	-32
-616	-544	878	800
-756	-773	782	164
38	-30	914	51
728	-477	887	267
-304	-887	804	516
-782	294	476	780
-793	428	813	777
-426	-919	569	246
974	-21	995	99
29	-797	125	-647
-965	-597	-655	951
-820	-186	-761	685
-770	-181	736	396
969	911	970	961
-3	123	560	698
-393	-618	664	239
641	-262	827	158
455	712	535	753
-471	-270	-300	577
878	823	934	953
247	270	865	925
803	14	932	493
798	-243	877	302
-894	-270	-861	644
-450	-846	227	-693
-718	945	340	984
-137	-176	258	334
516	181	989	774
-332	-504	394	-331
403	941	682	974
356	341	609	555
-16	659	551	949
890	291	941	404
380	-92	792	275
776	-541	870	830
404	581	935	876
856	458	956	991
-394	271	381	887
-796	-217	435	965
-74	795	726	893
332	-495	428	321
365	182	791	354
884	-111	953	863
-50	-674	478	-92
103	-210	557	409
115	343	913	556
-533	301	-313	319
565	-970	624	601
83	-547	251	-13
54	895	134	957
337	-94	582	735
504	-419	864	832
-523	365	-372	737
62	823	447	867
76	61	784	998
513	-305	973	475
-639	428	545	546
-661	355	-552	475
947	911	954	920
-59	-340	484	677
577	-642	911	788
-245	-600	885	64
977	821	991	990
124	338	358	580
-921	-779	218	-28
840	375	875	988
320	-490	384	-377
-622	-670	-209	599
-905	343	53	834
-398	277	299	904
-245	-942	298	-531
-988	-615	-155	337
989	-902	995	367
240	147	542	165
343	-43	712	52
-164	253	356	457
210	879	593	947
829	437	844	498
728	-289	831	385
199	343	672	367
-285	-872	646	-279
-914	-891	695	495
510	760	797	810
-868	404	-430	975
-633	254	509	742
132	-304	830	-229
623	-968	844	150
667	714	836	989
917	890	931	934
628	-328	792	111
-789	-669	-622	-75
-613	377	-229	996
29	321	568	781
-665	-53	528	533
-894	-883	-518	-458
753	-585	835	158
807	364	987	655
-826	7	471	142
279	-51	423	-31
-461	218	150	786
-55	-153	71	64
-361	356	239	454
81	-824	846	-429
-760	874	-410	949
-761	-659	313	883
810	456	872	684
221	173	973	945
613	-818	713	-613
511	956	868	987
844	575	849	769
608	-769	822	-603
699	-669	917	380
345	503	410	993
-701	586	933	786
-838	-668	66	-461
810	-816	935	345
321	495	374	679
-626	249	690	808
-884	680	-235	720
372	-992	520	-91
-261	655	524	887
375	-114	797	538
364	452	467	979
-281	525	-165	544
-504	-628	368	468
-894	443	522	620
-953	-180	367	404
-743	405	-726	690
-666	960	-665	987
-31	-996	488	187
885	-244	993	950
196	-598	782	-499
820	-246	866	944
-190	-472	-26	408
574	473	663	983
86	-362	753	-226
764	472	911	583
923	-492	951	-82
706	249	780	266
-83	300	780	400
-137	100	-11	233
-87	469	161	501
-16	-240	328	-158
170	-748	256	490
68	-977	483	-933
614	-678	821	842
-160	-508	849	902
-795	766	-754	825
127	521	803	801
45	-268	249	703
925	-19	997	366
-276	-769	198	-764
-281	-338	277	-218
806	-651	807	203
-31	92	985	998
624	545	833	988
-153	518	318	926
979	-59	980	501
-14	-980	463	-282
782	680	833	806
-585	15	392	177
-684	985	172	989
-931	384	-8	576
-203	167	492	818
980	-488	988	324
-956	-762	163	-687
-324	-857	903	47
794	953	822	957
-986	-271	678	-84
-518	684	-4	803
954	-557	973	-110
-902	-23	943	310
243	-626	433	772
39	-949	365	751
188	-773	380	-24
9	353	264	642
983	-514	991	333
142	-950	263	-301
-326	-769	261	-438
55	-586	429	521
-615	-471	204	-149
319	-307	786	823
184	-16	459	538
736	714	996	877
928	1	990	25
-82	-734	249	-140
-854	-280	-271	119
-368	381	856	800
-224	338	894	353
-173	205	498	224
324	537	559	663
968	-932	996	-767
662	-239	669	-157
-801	-712	-67	746
-517	185	336	910
548	814	847	833
211	-860	527	57
160	-690	993	-120
117	-342	869	700
-835	-670	654	882
367	658	569	745
-694	119	361	184
292	-989	999	934
260	-374	653	338
-889	166	885	657
153	-118	832	188
-896	-412	752	-377
343	-277	763	-185
-717	548	-466	597
-945	-680	691	719
-246	482	-25	702
-636	634	-243	824
473	-558	958	-504
-767	-795	-474	291
120	860	867	992
-701	323	397	822
808	-51	978	527
-20	-100	355	317
297	416	442	882
-831	790	411	976
-562	929	969	958
539	-685	845	880
865	-959	977	-270
-144	-493	166	-28
-799	57	368	934
307	-645	376	405
382	-455	574	885
12	600	127	863
591	954	872	988
-577	-869	645	-694
-755	14	-479	730
-501	-605	176	213
-957	-395	-292	958
-379	-819	113	446
225	258	455	288
-920	-517	-3	-302
875	481	904	551
-79	-625	433	314
-837	839	154	886
-785	-426	53	591
-896	-197	-867	596
514	-55	889	147
735	756	911	892
38	631	68	695
-207	934	974	996
-586	-573	872	-243
296	-243	651	660
-353	-229	591	393
164	-388	420	-175
-458	3	963	455
-605	-382	147	-64
-257	-742	-101	-67
315	-794	426	68
-821	753	816	982
-92	604	20	823
-444	640	-344	973
20	-482	88	694
-721	663	286	960
-963	-153	587	262
-909	475	722	504
372	425	943	998
-79	189	593	415
242	-171	669	315
867	-834	920	747
193	-243	715	248
-18	794	328	961
-762	-494	322	-394
-990	399	415	429
-984	-665	870	536
-756	252	189	669
-750	702	-557	870
-522	718	-146	994
106	-344	440	-185
169	-615	929	951
62	270	475	915
-982	-188	-678	95
-836	-745	-611	-42
368	227	649	786
13	516	876	961
936	760	996	863
-297	-579	463	814
127	-565	500	617
781	376	794	788
849	734	929	788
341	-529	689	-445
637	616	848	743
-548	-578	482	710
-761	876	-721	933
87	-891	849	-55
441	543	618	631
409	-241	482	797
-622	358	-215	707
658	-185	744	-32
-204	476	-92	859
-125	-503	759	966
-610	-676	99	-260
-549	-456	827	316
-906	-847	-96	575
-640	-309	-363	437
299	-247	643	908
508	-275	719	540
-897	-993	-71	-899
27	-975	29	-628
438	871	591	899
-594	189	-352	431
-846	-5	-590	536
-992	-757	973	-139
-116	726	144	892
281	-131	660	897
-152	312	-125	722
-587	758	468	772
-441	-766	887	-450
-463	-357	740	202
545	-11	805	734
-507	-584	-98	341
-151	-26	184	527
-989	342	72	388
814	527	973	955
-242	-147	-162	79
39	663	245	681
45	-226	389	921
-386	-880	-149	-681
888	483	920	788
962	-511	1000	-206
596	-362	961	513
853	-715	922	751
481	-992	884	105
937	-323	965	57
458	-121	984	497
-766	-366	734	-27
238	113	581	341
502	-63	647	639
112	-392	325	252
44	-357	223	948
-177	324	20	394
625	-566	958	281
636	67	899	989
403	686	477	786
-987	182	930	459
-255	-750	376	-491
865	-501	987	327
-633	816	-487	976
401	-618	994	251
316	-353	547	-193
-477	-476	597	760
-760	-721	-413	-299
-722	-47	-546	460
253	467	602	879
-373	423	360	780
-373	-206	-367	-200
338	929	931	967
-52	104	864	831
135	-629	669	-118
31	529	894	924
-720	14	-90	310
-696	690	-189	867
799	531	957	915
-342	-252	348	-113
-66	-504	883	628
-437	489	181	896
599	267	709	295
860	308	867	939
30	-701	782	160
-875	673	885	970
-479	107	128	804
-160	-847	928	-70
-809	-10	706	963
-838	-626	-280	132
-621	442	406	963
-798	-159	206	305
799	900	848	938
-425	-284	-240	-251
-424	109	148	821
762	-844	941	404
-527	-173	483	304
159	-884	822	-325
-454	64	6	507
438	-573	534	-571
117	-235	164	476
-368	-795	769	991
-689	-877	190	898
954	-303	990	874
184	-193	260	416
-363	-78	-290	482
-114	-602	-27	-286
-336	592	254	882
862	-3	998	123
-775	-570	387	-389
-958	-464	-935	-346
818	531	908	953
168	548	463	736
-443	-654	236	28
579	619	618	947
554	378	558	847
755	302	905	398
479	-639	887	100
-108	690	234	787
-697	-42	756	198
206	879	629	967
733	-518	928	864
145	954	934	960
-879	204	742	483
339	-181	568	211
940	275	974	485
609	337	634	663
-591	-577	-113	-177
127	280	797	873
-482	-598	-294	-40
-561	-511	-435	573
267	831	652	891
855	-465	947	-388
-111	529	705	711
-351	-302	178	245
86	556	766	780
372	213	915	637
193	-207	781	734
120	-474	746	-281
-129	478	747	519
-105	-477	-66	357
-464	502	-269	643
-61	512	439	916
364	724	517	775
-838	966	-132	989
-66	-502	-51	806
-76	-999	984	484
-795	-866	989	-572
502	-867	877	-512
951	-455	958	45
-437	-774	56	-710
-381	-982	444	-43
539	97	944	977
-909	633	241	933
-8	372	86	906
732	534	990	715
741	390	921	903
54	-97	952	274
-676	-920	-490	-460
-864	-859	-272	406
-931	-372	37	976
697	245	737	768
-933	-800	674	878
986	-804	992	550
-709	464	954	799
710	704	950	806
423	382	427	942
758	376	839	892
51	-319	73	167
-58	-42	519	919
-920	-192	153	-121
-417	-149	790	147
-589	212	-430	696
-934	-164	-502	191
982	541	997	724
913	-378	988	753
-501	83	187	651
-957	559	783	855
-428	836	629	882
-319	-144	858	430
-946	590	-699	908
184	-824	941	546
-242	243	438	750
-653	-919	-581	281
-78	791	698	875
-185	202	447	556
-422	565	301	966
917	942	1000	969
553	-5	590	682
760	402	923	644
-104	977	434	988
-600	-73	-33	-48
194	-250	826	877
-575	-513	587	-53
-518	-165	983	-36
-227	662	111	713
-841	539	91	755
610	-704	637	-139
676	469	787	519
315	-385	740	919
326	296	993	667
195	-955	989	161
-72	-142	323	733
238	-422	510	-96
589	218	902	685
795	-669	867	299
44	695	644	900
63	-755	514	839
992	-548	997	-330
49	-935	450	-160
-160	139	624	336
924	417	951	530
421	-983	905	873
-798	-676	65	541
-546	115	355	142
-248	-161	-148	291
-843	392	309	671
-638	-144	-228	-18
20	143	952	500
-283	970	726	987
434	688	768	692
562	-857	961	-634
80	828	471	852
-724	508	978	730
-359	317	612	800
328	-714	666	-197
-226	462	439	815
-200	-457	814	602
296	-354	645	617
609	-256	796	243
651	-305	670	674
-278	-880	-241	-416
-998	28	-416	265
-250	-785	361	-449
-70	183	988	634
686	-445	877	807
607	401	976	570
-671	740	727	843
932	-439	991	531
668	-161	880	858
-540	-307	270	562
-75	557	83	948
-194	102	807	549
-323	-397	564	793
976	211	984	245
156	-551	975	414
-745	-618	573	-142
-842	340	275	432
-64	-177	786	421
-538	-537	776	-213
-330	439	403	459
-533	676	198	749
-53	719	946	996
295	118	659	197
699	704	999	991
592	360	931	673
293	-389	413	-54
-833	-888	234	-569
233	245	718	684
-695	916	629	963
-205	-100	867	418
-965	-825	621	787
139	-283	615	641
-948	82	-732	537
420	-352	990	-195
-550	862	644	865
765	-807	773	-518
100	-306	210	722
159	104	489	247
640	362	994	552
-280	200	822	339
-982	-206	374	73
916	67	927	261
106	-973	447	-246
184	-392	202	549
937	-803	945	-560
115	-719	705	855
665	177	719	791
216	-656	489	54
-817	-176	735	-53
-207	-406	513	985
-626	972	-450	983
-844	77	805	226
638	-16	735	267
-286	-215	131	553
-438	-857	632	-803
948	-705	986	243
921	-267	926	963
186	-317	330	-57
-821	38	803	602
-34	-56	673	648
637	893	691	960
226	-476	319	-380
605	230	999	777
693	-736	843	58
532	-529	826	-215
-363	-573	-213	-162
-493	-30	299	769
-194	957	839	973
122	223	353	615
-65	220	632	685
-865	164	-190	824
-777	271	508	879
-484	-627	866	0
-123	-676	805	444
-702	130	46	636
126	612	435	865
-159	-705	9	414
463	301	510	992
-251	-933	622	254
127	580	569	713
-657	972	-80	998
748	625	791	699
-926	-740	-154	-81
-387	-260	806	519
890	21	913	587
-571	767	-529	959
509	-499	566	-225
-303	-740	851	821
958	-210	984	-74
-34	866	656	900
-344	-802	527	763
-132	-123	838	852
635	927	917	954
-763	271	914	402
-377	-152	612	94
747	717	919	876
727	-420	730	663
-342	-874	-317	-157
888	-202	980	-194
-648	173	-242	623
480	-909	910	598
827	720	937	964
946	742	959	913
-931	715	-284	777
3	-632	506	279
196	-775	939	-315
-365	-399	210	301
-762	-779	699	285
4	-402	104	-168
999	-164	1000	772
20	-373	981	567
-797	-899	261	581
401	-589	415	466
257	884	354	983
-204	298	470	563
902	470	975	946
492	228	903	796
723	71	895	409
-817	-525	588	415
311	-132	938	317
172	-866	329	-316
-859	-164	-631	5
855	884	881	987
823	941	833	976
-423	-458	687	521
206	117	951	340
278	-232	826	-167
-26	-544	945	-78
-241	132	336	851
894	-70	972	557
436	-431	439	326
-378	726	464	767
722	175	800	817
385	-555	997	464
-738	-133	-557	223
-65	50	201	172
968	129	994	420
-21	-141	673	389
-817	199	539	243
-933	991	-372	996
281	265	701	646
66	35	166	780
-77	518	895	893
-843	-368	-775	-235
577	-40	990	215
151	-471	977	212
-548	609	137	771
238	-427	931	800
753	-783	956	616
205	-104	302	193
451	735	532	995
-811	388	462	476
480	184	937	909
454	29	745	30
177	992	985	995
200	150	566	541
451	-980	579	214
157	-247	322	121
-968	633	-532	791
303	-870	654	-215
861	554	943	795
546	873	699	914
454	948	885	995
-810	-758	925	-417
725	743	950	920
106	-584	924	68
-955	57	-195	85
578	-240	831	209
-162	-61	585	448
281	-942	658	-662
844	312	891	353
-160	864	272	891
-151	208	679	587
-247	-110	54	225
-964	791	844	898
367	-547	396	664
701	-383	999	-245
67	620	306	944
-214	-222	245	871
411	72	888	959
-535	-825	-533	-239
-903	-910	-251	-196
-588	902	-152	976
730	801	939	808
-466	417	295	629
-590	249	-425	926
642	326	819	473
-731	-424	-159	218
565	908	872	909
693	-344	755	-335
-556	-305	261	475
695	-995	955	385
279	582	533	619
-878	-997	-518	970
898	-15	985	146
-168	-881	674	-286
516	906	966	977
-124	-479	713	861
835	324	979	382
576	384	932	685
578	388	970	395
797	780	909	841
-393	313	-96	368
-824	573	388	615
733	-67	882	583
-856	-918	269	-74
818	-362	943	966
130	486	813	733
38	468	299	920
626	-243	841	275
-169	441	291	728
-198	546	277	955
929	-377	973	463
498	608	602	877
-929	550	280	776
745	-856	786	-464
289	-332	435	407
-829	-207	-628	450
-143	-752	-34	244
224	-179	833	751
24	-657	576	-639
-449	-394	634	341
774	943	992	950
-486	-14	514	507
-519	37	198	622
986	-320	994	-153
352	-985	830	-701
290	626	903	765
-574	180	-417	551
-346	434	488	817
766	-30	944	122
-386	623	258	862
-32	395	477	906
909	96	991	147
310	559	843	926
-410	-484	874	-433
504	-135	619	348
694	-672	946	923
561	890	642	933
-155	-356	120	744
-292	-487	400	318
-156	-849	761	-593
-640	-672	-413	-363
437	-644	438	-327
-839	226	-352	923
865	757	929	884
-72	-996	623	-384
653	962	674	987
-32	844	513	936
675	-636	848	-221
-801	-410	-681	980
418	655	630	924
258	-451	496	-57
-532	477	341	564
584	819	976	921
-488	-139	574	322
891	-618	897	821
713	-26	884	590
-217	624	422	743
449	430	906	469
-138	626	357	953
-887	197	808	343
692	472	707	948
-171	581	-73	921
908	-643	949	814
133	895	960	932
-930	-85	366	821
-76	707	811	815
-192	45	259	584
-696	653	42	867
-763	-707	-616	483
-322	-37	484	426
-263	-996	534	750
541	707	969	933
789	241	790	769
-865	499	-410	666
371	893	723	914
-144	398	-124	609
-14	512	356	664
-616	773	802	923
678	-351	891	423
126	-725	770	637
-415	-656	324	200
334	817	789	943
894	331	915	921
565	321	837	903
986	-617	987	647
-946	-22	-400	376
983	672	994	822
-548	769	-111	812
-928	784	-187	840
823	-775	890	-279
-630	-831	-103	580
806	-586	938	869
-858	-20	220	45
960	846	969	896
-546	505	972	943
-277	-445	11	959
-732	-666	377	-640
-542	487	-45	584
-226	-574	675	-125
625	-969	975	29
519	-540	850	684
-583	-507	-252	-84
610	-840	859	632
-897	-526	953	571
-251	-962	-203	994
-496	925	-260	996
-992	-980	-701	55
-112	-865	597	61
-5	-701	913	127
-266	-513	641	339
966	236	996	735
-986	-115	882	368
332	244	865	442
310	-841	732	-109
974	-407	992	-188
-437	801	-294	803
-536	554	-72	577
-798	-16	-777	321
-592	-21	-544	434
328	996	643	998
813	327	895	597
795	85	889	760
950	-105	969	548
651	-677	685	436
880	-153	950	213
884	665	979	802
-561	714	715	975
808	514	818	731
-39	229	664	475
408	612	490	888
816	674	980	979
-500	-754	525	327
-23	-785	112	602
-431	169	111	764
-609	-961	440	308
734	-442	885	279
121	-67	333	113
310	-680	492	-554
763	194	886	289
470	-450	641	187
859	-413	934	513
881	589	988	844
345	488	622	969
-835	-480	-77	481
794	-945	861	842
-482	-343	677	541
-617	204	-24	216
-217	-797	632	344
223	423	402	848
-548	-297	692	248
606	-104	791	167
962	2	969	252
519	-493	602	-59
-379	224	318	691
-702	-317	-374	596
89	-989	648	917
789	-778	907	-251
667	-845	911	542
876	845	907	951
-554	102	925	274
745	-695	873	-352
-14	-283	194	283
678	868	989	891
-297	535	979	916
-599	-687	36	15
336	-92	725	332
415	-213	734	429
169	-297	448	-81
-648	951	64	997
-618	-361	618	872
534	490	819	619
-568	132	940	437
-609	395	965	911
541	-464	686	174
-436	-313	638	852
682	917	851	934
-447	-409	310	792
-599	-796	493	-204
461	953	796	965
672	104	948	490
530	-166	674	59
-917	209	-400	642
-292	-414	-256	899
295	145	441	324
-621	546	544	790
796	-309	812	819
724	77	819	1000
265	990	477	994
60	754	939	804
335	773	916	908
826	-984	956	-496
847	-83	932	364
218	-759	394	-356
-657	-284	808	-223
-593	685	-470	885
924	834	926	845
711	-565	747	149
-980	542	140	889
-366	398	296	575
-763	-376	-602	733
269	-832	949	937
-894	-678	681	969
-930	201	150	342
-307	369	796	805
-819	-969	661	776
-702	-684	-240	349
-376	-509	751	417
980	592	984	743
474	364	485	593
-128	266	365	548
-992	283	-909	995
687	906	945	926
-841	492	-141	499
-113	586	985	645
631	446	967	896
-642	-958	-468	-214
-361	-47	948	493
-919	-374	-417	645
217	-326	287	-133
-789	665	-276	721
6	310	675	921
484	676	787	935
879	-627	881	-278
-484	621	368	949
-668	871	-50	883
-232	-388	579	114
275	-408	818	977
575	867	968	873
-366	-993	321	-583
8	472	554	799
223	380	662	807
-301	-84	141	373
768	-144	786	731
-910	331	380	644
-573	-232	550	495
232	-221	420	987
-865	-910	984	729
814	-159	935	620
112	-110	854	216
-769	-868	-665	-642
860	-993	895	-175
702	319	976	661
-943	664	-434	974
435	-603	575	-365
-485	-837	-153	215
659	-398	970	163
-729	-778	-512	863
-794	529	117	556
331	552	559	576
-764	282	294	779
302	-343	821	995
-648	825	966	969
-279	107	82	257
-806	-865	-236	225
896	207	923	475
-655	-798	942	517
-284	272	899	523
0	-14	44	502
926	432	959	908
-114	-421	926	249
628	-674	873	692
855	-165	908	529
-518	689	-75	787
-190	-436	-147	679
-827	40	-489	737
-660	195	954	316
630	-455	634	206
376	599	885	828
-748	-268	-698	162
829	154	908	854
830	294	859	811
-444	-451	-301	-294
436	-488	675	590
704	-538	895	-382
-931	-174	513	220
-226	449	853	832